1 4 0.24999999996639688 
1 6 0.14999999997369895 
2 7 -0.595238095241978 
2 8 -0.7983193278618972 
2 9 -0.6190476190497927 
2 10 -0.6428571430582717 
2 11 -0.4523809523855724 
2 12 -0.8412698412729926 
2 14 0.047619047592225905 
2 15 -0.8047619047871089 
2 16 -0.7047619047837328 
2 17 -0.4523809523855724 
2 20 -0.6624649863674708 
2 22 -0.595238095241978 
2 23 -0.8040293040577635 
2 24 -0.6785714285775801 
2 25 -0.673160173273883 
2 27 -0.6190476190497929 
2 28 -0.4523809523855724 
2 30 -0.6547619047726325 
2 31 -0.42857142857412134 
2 34 -0.654761904771169 
2 36 -0.571428571435797 
3 38 -0.6190476190488745 
3 39 -0.3333333333420525 
3 40 -0.33333333334205273 
4 1 0.24999999996639688 
4 6 -0.1000000013480895 
4 41 -0.6071428571872757 
4 43 0.24999999997633604 
6 1 0.14999999997369895 
6 4 -0.1000000013480895 
6 44 -0.7428571428655122 
6 47 -0.5727272729355191 
6 48 -0.6125000002274443 
7 2 -0.595238095241978 
7 49 -0.3333333333420525 
7 52 -0.3666666667259637 
8 2 -0.7983193278618972 
8 53 -0.6737967916693215 
8 54 -0.7301790281673051 
8 55 -0.7156862745334407 
8 56 0.05882352939801816 
8 57 -0.5490196078516401 
8 59 -0.44117647059311427 
8 60 -0.715686274545668 
8 61 0.05882352939801827 
8 62 -0.6568627452255986 
8 64 -0.598039215711877 
8 65 0.05882352939801816 
8 66 -0.7623529412138257 
8 71 -0.7450980392652486 
8 72 -0.5784313725537795 
8 73 -0.741176470589769 
8 74 -0.7411764705897694 
9 2 -0.6190476190497927 
9 77 -0.3333333333420525 
9 78 -0.33333333334205273 
10 2 -0.6428571430582717 
10 80 -0.6488095238492231 
10 81 -0.6263736264440833 
10 83 -0.3571428571510269 
10 85 -0.21428571447629063 
10 88 -0.49404761915600637 
10 89 -0.4523809525152518 
11 2 -0.4523809523855724 
11 91 0.49999999996157996 
12 2 -0.8412698412729926 
12 94 -0.8454106280250366 
12 95 -0.7460317460335684 
12 98 0.11111111109800786 
12 100 -0.38888888889582685 
12 104 -0.6388888888919688 
12 106 -0.6388888888919688 
12 109 -0.7460317460335686 
12 111 0.11111111109800764 
13 113 -0.3916666667737472 
13 114 -0.5416666679389439 
13 115 -0.7549019607933392 
13 116 -0.6666666666691909 
13 117 -0.7738095238109775 
13 120 -0.4523809525658695 
13 121 0.0833333333241344 
13 122 -0.41666666822328424 
13 123 -0.7083333334138431 
13 124 -0.20833333336712712 
13 125 -0.4166666666724308 
13 126 -0.6333333337766247 
14 2 0.047619047592225905 
15 2 -0.8047619047871089 
15 20 -0.6521008403782977 
15 128 -0.6894736864978308 
15 135 -0.4714285714379405 
15 137 -0.6928571431218513 
15 139 -0.5238095238429301 
15 140 -0.6642857143557748 
15 141 -0.6238095238168899 
15 144 0.028571428503498364 
15 145 -0.6553571430009104 
15 147 -0.6238095238168899 
15 150 -0.5928571428912235 
15 151 -0.47142857143794004 
15 152 -0.6380952380969598 
15 154 -0.7214285714315853 
15 158 -0.63809523809696 
15 159 -0.7761904762100267 
15 160 -0.6428571428693877 
15 161 -0.6238095238168895 
15 162 -0.6380952380969602 
15 163 -0.5107142857609566 
15 165 0.028571428503498586 
15 167 -0.7714285714324314 
15 168 -0.4428571428623578 
15 170 -0.47142857143794004 
15 171 -0.4142857142958969 
15 172 -0.5238095238429303 
15 173 -0.46666666698126047 
15 174 -0.5809523809755934 
15 175 0.028571428503498142 
15 176 -0.6071428572299424 
15 177 -0.552380952434427 
15 181 0.028571428503498475 
15 182 -0.5571428572029604 
15 183 -0.47142857143794004 
16 2 -0.7047619047837328 
16 187 0.19999999997925055 
16 188 -0.5500000000047176 
16 189 -0.3000000000100629 
16 190 -0.45000000022982944 
17 2 -0.4523809523855724 
17 192 0.49999999996157996 
18 115 -0.715686274565106 
18 195 -0.5357142857621486 
18 197 0.16666666664825036 
18 199 -0.33333333334233695 
18 201 -0.5833333333373456 
18 202 -0.5500000002833105 
19 203 0.49999999972581843 
20 2 -0.6624649863674708 
20 15 -0.6521008403782977 
20 85 -0.41911764722209766 
20 129 -0.7100840336341205 
20 150 -0.5735294126033124 
20 166 -0.7073529415699995 
20 179 -0.4485294118110641 
20 185 -0.606617647116265 
20 195 -0.6680672277898609 
20 204 -0.5735294119084109 
20 205 -0.1323529415549467 
20 207 -0.32352941178207506 
20 209 0.05882352939801827 
20 210 -0.5490196078516401 
20 211 0.05882352939801805 
20 212 0.05882352939801827 
20 213 -0.4411764705931145 
21 214 -0.6590909090928796 
21 215 -0.2500000000114524 
21 216 -0.25000000001145284 
21 217 0.24999999997633604 
22 2 -0.595238095241978 
22 218 0.3333333333055045 
22 219 -7.008393865248763e-12 
23 2 -0.8040293040577635 
23 220 0.07692307691495326 
23 222 -0.557692307807194 
23 224 -0.4230769230824445 
23 226 -0.42307692308244427 
23 227 0.07692307691495337 
23 229 0.07692307691495315 
23 230 -0.42307692308244427 
23 233 -0.2692307692678453 
23 234 -0.5961538464291805 
23 235 -0.4230769230824445 
23 237 -0.6410256413349571 
23 239 -0.4423076923326834 
24 2 -0.6785714285775801 
24 180 -0.3750000001743299 
24 240 -0.5833333333371753 
24 241 0.24999999997633604 
25 2 -0.673160173273883 
25 47 -0.727272727277869 
25 54 -0.7134387358116401 
25 242 -0.5404040404745785 
25 243 -0.3484848486962302 
25 244 -0.5151515152295922 
25 246 -0.560606061080045 
25 248 -0.36363636393943666 
25 249 -0.38636363639094795 
25 251 -0.40909090909697854 
25 252 0.09090909089870935 
27 2 -0.6190476190497929 
27 254 0.3333333333055045 
27 256 0.33333333330550463 
28 2 -0.4523809523855724 
28 257 0.49999999996157996 
29 258 0.33333333331549264 
30 2 -0.6547619047726325 
30 198 -0.625000000002758 
30 259 -0.2500000000114526 
30 260 -0.42500000023647777 
31 2 -0.42857142857412134 
31 263 -0.1250000000166791 
32 35 -0.6491228070237509 
32 264 -0.41666666667351815 
32 267 0.33333333330550463 
33 268 -0.2666666666847617 
33 269 -0.3000000000100629 
33 270 -0.5500000000047183 
33 271 -0.2666666666847619 
33 272 0.19999999997925044 
34 2 -0.654761904771169 
34 273 -0.2916666666926928 
34 274 -1.3026513201452872e-10 
34 277 -0.45000000001769513 
35 32 -0.6491228070237509 
35 81 -0.8178137651907251 
35 88 -0.8223684211615903 
35 139 -0.5877192982557129 
35 140 -0.6921052634012845 
35 172 -0.5789473684330684 
35 231 -0.736842105275342 
35 279 -0.4824561404035257 
35 280 -0.4824561404035257 
35 281 -0.6271929824632521 
35 283 -0.5877192982887782 
35 284 -0.6403508772044677 
35 286 0.017543859580936072 
35 287 -0.6228070175630109 
35 289 -0.712280702095438 
35 291 -0.6973684210846864 
35 292 0.017543859580936183 
35 294 0.017543859580935517 
35 295 0.01754385958093585 
35 297 0.01754385958093596 
35 298 -0.4649122807059396 
35 299 -0.5473684210953436 
35 300 -0.4824561404035259 
35 305 0.017543859580935628 
35 306 -0.45614035088436333 
35 309 -0.4561403508849229 
35 311 0.017543859580936072 
35 312 -0.45614035088492333 
35 314 -0.48245614040352525 
35 315 -0.7923976608811216 
35 316 -0.6491228070324817 
35 317 -0.4824561404035257 
35 318 -0.6896929825687663 
35 319 0.017543859580936183 
35 321 -0.6885964912720155 
35 322 0.01754385958093596 
35 325 0.017543859580936183 
35 326 0.017543859580936183 
35 327 -0.7061403509039033 
35 331 -0.47368421052973364 
35 332 -0.4824561404035257 
35 334 -0.4473684210628892 
35 335 -0.6228070175630112 
35 336 -0.4824561404035259 
35 338 -0.6491228070324824 
35 339 0.01754385958093596 
35 341 0.01754385958093585 
35 342 0.017543859580936294 
35 344 -0.6122807018894936 
35 346 -0.4824561404035259 
35 347 0.017543859580936072 
35 348 -0.572368421131743 
35 349 -0.7982456141740599 
35 350 -0.456140350925899 
35 351 0.017543859580936072 
35 352 -0.5811403508841217 
35 354 0.017543859580936072 
36 2 -0.571428571435797 
36 46 -0.5666666666967934 
36 360 -0.5000000000216409 
37 363 -0.6750000000027012 
37 364 0.12499999998532452 
37 365 -0.6250000000033309 
37 367 0.12499999998532452 
37 368 0.12499999998532452 
37 369 -0.7083333333356199 
37 372 -0.37500000000749534 
37 373 0.12499999998532463 
38 3 -0.6190476190488745 
38 45 -0.8047619047655705 
38 359 -0.7619047619337247 
38 363 -0.704761904783733 
38 381 0.047619047592226016 
38 382 -0.4285714285741209 
38 386 -0.5208333343297622 
38 388 0.047619047592225905 
38 395 0.04761904759222624 
38 397 -0.4047619047662736 
38 398 -0.45833333350227834 
38 401 -0.4523809523855724 
38 402 0.04761904759222613 
38 403 -0.4523809523855724 
38 404 -0.38095238096465134 
38 405 -0.45238095238557285 
38 407 -0.4047619047662736 
38 409 0.047619047592226016 
38 410 -0.4523809523855724 
38 413 -0.4523809523855724 
38 415 -0.5619047621336608 
39 3 -0.3333333333420525 
39 418 -0.1666666666799932 
39 419 -0.1666666666799932 
40 3 -0.33333333334205273 
40 42 -0.41666666667351815 
40 420 0.33333333330550463 
41 4 -0.6071428571872757 
41 53 -0.7207792211835569 
41 423 0.07142857142142012 
41 424 -0.39285714313617226 
41 425 -0.595238095241106 
41 427 -0.4285714285767446 
41 428 0.07142857142142012 
41 430 0.07142857142142 
41 432 -0.42857142857674435 
41 433 -0.4285714285767446 
41 434 -0.714285714431466 
41 436 0.07142857142142012 
41 437 -0.5952380952411063 
41 438 -0.3928571431361727 
42 40 -0.41666666667351815 
42 338 -0.41666666667351837 
42 440 0.24999999997633615 
42 441 -0.2500000000114524 
43 4 0.24999999997633604 
44 6 -0.7428571428655122 
44 228 -0.7071428571520779 
44 424 -0.45714285714628744 
44 444 0.028571428503498142 
44 446 -0.47142857143794004 
44 447 -0.457142857146287 
44 448 0.028571428503498253 
44 449 -0.4714285714379405 
44 450 -0.4428571428616046 
44 451 -0.7619047619224899 
44 452 -0.47142857143794004 
44 453 0.028571428503498364 
44 455 0.028571428503498364 
44 456 0.028571428503498142 
44 457 -0.7071428571520775 
44 458 0.028571428503498142 
44 459 0.02857142850349803 
44 461 0.028571428503498142 
44 463 -0.47142857143794004 
44 464 -0.4714285714379405 
44 468 0.028571428503498475 
44 469 0.028571428503498586 
44 472 -0.6785714285912103 
44 477 -0.6238095238168899 
44 478 -0.45714285714628744 
44 479 0.028571428503498142 
44 480 0.028571428503498475 
44 481 0.028571428503498364 
44 482 0.02857142850349803 
44 483 0.028571428503498142 
44 484 0.02857142850349803 
44 485 0.028571428503498364 
44 486 -0.19285714286260291 
44 487 -0.47142857143794004 
44 488 0.028571428503498364 
45 38 -0.8047619047655705 
45 141 -0.6166666666679812 
45 290 -0.7500000001939833 
45 349 -0.7333333333634413 
45 386 -0.6375000000303679 
45 489 0.04999999997623217 
45 490 -0.6333333336513864 
45 491 -0.6166666666689329 
45 493 0.04999999997623239 
45 494 -0.4500000000046549 
45 497 -0.6166666666689327 
45 498 0.04999999997623228 
45 502 0.04999999997623217 
45 503 -0.49166666669863135 
45 506 -0.6166666666689329 
45 507 -0.6166666666689324 
45 510 0.04999999997623217 
45 512 -0.732142857192559 
45 513 -0.7000000000216915 
45 517 -0.4500000000046551 
46 36 -0.5666666666967934 
46 79 -0.7904761904773852 
46 219 -0.400000000027817 
46 518 0.06666666666038623 
46 520 -0.4333333333384761 
46 521 0.06666666666038634 
46 524 0.06666666666038634 
46 527 -0.43333333333847635 
46 528 -0.6000000000028569 
46 531 0.06666666666038656 
46 532 -0.6833333333354696 
46 533 0.06666666666038612 
46 534 0.06666666666038623 
46 535 0.06666666666038634 
46 536 -0.6000000000028571 
47 6 -0.5727272729355191 
47 25 -0.727272727277869 
47 53 -0.6363636364114211 
47 67 -0.6098484853835306 
47 166 -0.7136363638733751 
47 349 -0.4772727272885391 
47 538 -0.5681818189497656 
47 540 0.09090909089870935 
47 542 0.09090909089870958 
47 544 -0.6948051955055121 
47 545 -0.31818181819993185 
48 6 -0.6125000002274443 
48 309 -0.2500000000077627 
48 546 -0.6250000000033309 
48 547 0.12499999998532452 
48 548 -0.6625000000695391 
48 549 -0.37500000000749534 
48 550 -0.6750000002051482 
48 551 -0.5446428578348956 
49 7 -0.3333333333420525 
49 554 -0.1666666666799932 
49 555 0.33333333330550463 
50 228 -0.2500000000114524 
50 557 0.49999999996157996 
51 559 0.24999999998872147 
52 7 -0.3666666667259637 
52 204 -0.12500000072267747 
52 562 -0.3000000000100629 
52 564 -0.20000000004271223 
52 566 0.0999999998991895 
53 8 -0.6737967916693215 
53 41 -0.7207792211835569 
53 47 -0.6363636364114211 
53 79 -0.7207792209322519 
53 215 -0.4090909090969783 
53 568 -0.6643356644400669 
53 571 -0.31818181873853435 
53 572 -0.40909090909697854 
53 573 0.09090909089870958 
53 575 -0.49431818245955705 
53 576 -0.4431818182200442 
54 8 -0.7301790281673051 
54 25 -0.7134387358116401 
54 179 -0.5760869566519431 
54 216 -0.45652173913503913 
54 348 -0.6630434782717616 
54 451 -0.6195652176047979 
54 512 -0.791925465842684 
54 574 -0.6014492753657461 
54 577 -0.5362318840681215 
54 578 0.04347826083165396 
54 579 -0.7695652175005809 
54 580 -0.16304347826502452 
54 581 -0.6231884057991097 
54 582 -0.619565217484402 
54 583 -0.45652173913503913 
54 584 -0.7681159420314212 
54 585 0.04347826083165429 
54 586 -0.6014492753657463 
54 587 0.04347826083165418 
54 589 0.0434782608316544 
54 592 -0.41304347826496346 
54 593 -0.45652173913503935 
54 597 -0.6847826087013131 
55 8 -0.7156862745334407 
55 417 -0.5333333334078114 
55 598 -0.638888888891969 
55 599 -0.5555555555596878 
55 601 -0.38888888889582685 
55 603 -0.5555555555596876 
55 604 0.11111111109800775 
55 605 -0.27777777778487933 
55 606 -0.22222222225199428 
56 8 0.05882352939801816 
57 8 -0.5490196078516401 
57 609 -0.5000000000199036 
57 611 -0.1666666666799932 
58 612 -0.3333333333420523 
58 613 0.3333333333055045 
58 614 0.33333333330550463 
59 8 -0.44117647059311427 
59 615 0.49999999996157996 
60 8 -0.715686274545668 
60 80 -0.7500000000258065 
60 616 -0.7500000000107094 
60 617 -0.6666666667883425 
60 618 -0.4166666666724308 
60 620 -0.3750000002939564 
60 622 0.0833333333241344 
60 623 -0.5833333333367086 
60 625 -0.4166666666724306 
60 626 -0.6166666683046218 
60 627 0.08333333332413406 
60 629 -0.5416666666730858 
61 8 0.05882352939801827 
62 8 -0.6568627452255986 
62 568 -0.596153846486887 
62 633 0.16666666664825036 
62 634 0.16666666664825058 
62 636 -0.25000000039307624 
62 637 -0.5000000000438263 
63 115 -0.4705882352996398 
63 639 0.49999999996157996 
64 8 -0.598039215711877 
64 185 -0.597222222756419 
64 207 -0.2222222222519945 
64 417 -0.5722222222441162 
64 567 -0.5777777777797475 
64 640 0.11111111109800753 
64 641 -0.5555555555596876 
64 642 -0.6111111111136096 
64 644 0.11111111109800764 
65 8 0.05882352939801816 
66 8 -0.7623529412138257 
66 203 -0.4600000000046558 
66 369 -0.7733333333455794 
66 405 -0.46000000000465624 
66 417 -0.6400000000285841 
66 635 0.039999999952545884 
66 649 -0.6266666666685314 
66 650 -0.6266666666685314 
66 653 0.03999999995254577 
66 655 0.039999999952545884 
66 657 -0.4600000000046558 
66 658 0.03999999995254577 
66 659 -0.38000000001779655 
66 660 -0.4400000000024282 
66 661 -0.4600000000046558 
66 662 -0.17000000000419857 
66 664 0.03999999995254566 
66 670 -0.17000000000419857 
66 671 -0.4400000000024282 
66 674 -0.4000000000123256 
66 675 0.03999999995254577 
66 676 0.03999999995254566 
66 677 -0.4600000000046558 
66 678 0.03999999995254577 
66 679 0.039999999952545884 
67 47 -0.6098484853835306 
67 214 -0.5719696973685187 
67 415 -0.325000000020917 
67 441 -0.4166666666699135 
67 538 -0.41666667023720083 
67 550 -0.6750000001056606 
67 631 -0.7243589745310226 
67 680 -0.7166666666686932 
67 681 -0.0833333337681168 
67 682 -0.4250000006738892 
67 683 -0.5000000000114757 
67 685 -0.4583333333676649 
69 692 0.9999999999267714 
70 117 -0.6190476190566399 
70 417 -0.6833333334388256 
70 666 -0.5000000000053606 
70 690 0.16666666664825058 
70 696 0.1666666666482508 
70 699 0.16666666664825058 
71 8 -0.7450980392652486 
71 281 -0.6458333333456443 
71 700 -0.5000000000053608 
71 703 0.16666666664825058 
71 704 0.1666666666482508 
71 706 0.16666666664825058 
72 8 -0.5784313725537795 
72 258 -0.3333333333420525 
72 710 -7.008393865248763e-12 
73 8 -0.741176470589769 
73 711 -0.46666666667263 
73 712 0.19999999997925055 
73 713 0.19999999997925055 
73 716 0.19999999997925044 
74 8 -0.7411764705897694 
74 717 -0.3000000000100629 
74 718 -0.46666666667263 
74 719 0.19999999997925055 
74 720 -0.46666666667263046 
75 724 0.33333333331549264 
76 434 -0.6071428574525497 
76 685 -0.6250000000027576 
76 725 -0.6250000000033307 
76 726 -0.2500000003293641 
76 731 -0.37500000000749556 
76 733 0.1249999999853243 
76 734 0.1249999999853244 
76 735 0.12499999998532463 
77 9 -0.3333333333420525 
77 737 -0.1666666666799932 
77 738 0.33333333330550463 
78 9 -0.33333333334205273 
78 79 -0.5238095238135425 
78 741 0.33333333330550463 
79 46 -0.7904761904773852 
79 53 -0.7207792209322519 
79 78 -0.5238095238135425 
79 513 -0.5857142857187503 
79 744 0.14285714284071538 
79 745 0.14285714284071527 
79 746 -0.3571428571510269 
80 10 -0.6488095238492231 
80 60 -0.7500000000258065 
80 263 -0.6250000000203855 
80 278 -0.6833333333586249 
80 359 -0.541666667084377 
80 550 -0.7500000000730063 
80 624 -0.4166666666724308 
80 752 -0.7166666666686932 
80 753 -0.3750000002939564 
80 756 -0.4166666666724308 
80 757 -0.4166666666724308 
80 758 -0.625000000020385 
81 10 -0.6263736264440833 
81 35 -0.8178137651907251 
81 244 -0.5410256414178853 
81 261 0.07692307691495315 
81 759 -0.40109890118142344 
81 761 -0.5427350433657501 
81 762 -0.6346153846329843 
81 763 -0.38461538490143354 
81 764 0.07692307691495304 
81 765 0.07692307691495337 
81 766 -0.3974358975051788 
81 767 -0.5512820512880243 
81 769 -0.42307692308244427 
82 771 0.9999999999267714 
83 10 -0.3571428571510269 
83 773 0.49999999996157996 
84 94 -0.8454106280229234 
84 164 -0.38888888889582685 
84 544 -0.7460317460334625 
84 559 -0.40277777797491754 
84 774 -0.5555555555596878 
84 775 -0.33333333366027196 
84 776 -0.3333333336602715 
84 777 -0.027777778522096508 
84 778 0.11111111109800764 
85 10 -0.21428571447629063 
85 20 -0.41911764722209766 
85 205 0.24999999997759326 
85 260 -0.20000000002632867 
88 10 -0.49404761915600637 
88 35 -0.8223684211615903 
88 96 -0.7291666666799039 
88 145 -0.6250000004775347 
88 260 -0.5916666667345625 
88 629 -0.5416666666730865 
88 786 -0.5416666666730863 
88 788 0.08333333332413406 
88 789 -0.50000000001357 
88 790 0.08333333332413417 
88 791 0.08333333332413406 
88 792 -0.4166666666724308 
89 10 -0.4523809525152518 
89 122 -0.33333333524726316 
89 169 -0.5277777777895849 
89 260 -0.46666666667380863 
89 795 0.1666666666482508 
89 796 -0.33333333334233695 
90 798 0.49999999972581843 
91 11 0.49999999996157996 
94 12 -0.8454106280250366 
94 84 -0.8454106280229234 
94 191 -0.7228260871166445 
94 344 -0.6695652174309867 
94 447 -0.4130434782649637 
94 551 -0.7267080745690828 
94 761 -0.6376811595185368 
94 807 -0.4347826086982203 
94 808 0.043478260831654514 
94 811 0.04347826083165396 
94 812 0.0434782608316544 
94 813 -0.45652173913503935 
94 814 -0.5978260871983259 
94 817 0.04347826083165418 
94 818 -0.6913043478558856 
94 819 -0.6260869567889382 
94 820 -0.4130434784410306 
94 825 -0.45652173913503935 
94 826 -0.45652173913503935 
94 827 -0.36956521740822823 
94 828 -0.7130434782782444 
94 829 -0.47282608705866425 
94 831 -0.45652173913503913 
95 12 -0.7460317460335684 
95 280 -0.35714285715102667 
95 833 -0.5238095238143972 
95 836 0.14285714284071516 
95 838 -0.35714285715102667 
95 839 0.14285714284071527 
95 840 0.14285714284071527 
96 88 -0.7291666666799039 
96 221 0.062499999990653254 
96 376 -0.5729166666716747 
96 648 -0.6937500000139403 
96 841 -0.4375000000049982 
96 842 -0.6041666666693846 
96 843 -0.6607142858482744 
96 845 0.06249999999065303 
96 846 -0.4375000000049982 
96 847 0.06249999999065303 
96 848 -0.37500000015898594 
96 852 0.06249999999065314 
96 853 0.062499999990653254 
96 855 -0.5729166666716747 
96 858 -0.4375000000049982 
96 862 -0.5729166667256167 
97 863 -1.6895818077955482e-11 
97 864 -0.37500000000433653 
98 12 0.11111111109800786 
99 359 -0.5000000000053608 
99 869 0.3333333333055045 
99 872 0.33333333330550463 
100 12 -0.38888888889582685 
100 418 -1.6895818077955482e-11 
101 750 0.1249999999881557 
102 874 0.9999999999267714 
104 12 -0.6388888888919688 
104 206 -0.41666666667373575 
104 876 -0.6071428571461053 
104 878 0.24999999997633604 
105 352 -0.416666666673736 
105 879 0.3333333333055045 
105 880 0.33333333330550463 
106 12 -0.6388888888919688 
106 881 0.24999999997633615 
106 883 0.24999999997633615 
106 885 0.24999999997633604 
107 887 0.24999999997633604 
107 888 0.24999999997633615 
107 889 0.24999999997633615 
107 890 0.24999999997633604 
108 145 -0.6125000000757852 
108 231 -0.5500000002833101 
108 892 -0.46666666667263 
108 893 -0.46666666667263024 
108 894 0.19999999997925044 
109 12 -0.7460317460335686 
109 628 -0.35714285715102667 
109 899 -0.5238095238143972 
109 902 -0.6071428571464845 
109 903 0.14285714284071538 
109 907 0.14285714284071527 
109 908 -0.6071428571464841 
111 12 0.11111111109800764 
112 114 -0.2875000001944499 
112 115 -0.652941177035878 
112 129 -0.5142857144288919 
112 191 -0.3250000000465443 
112 244 -0.3666666674673289 
113 13 -0.3916666667737472 
113 120 -0.24285714355993782 
113 182 -0.5142857158269165 
113 191 -0.5000000000511651 
113 244 -0.3333333335627473 
113 249 -0.27500000247247014 
113 360 -0.37777777781454347 
113 623 -0.466666666685736 
113 912 -0.05000000056114384 
113 913 0.09999999998832132 
114 13 -0.5416666679389439 
114 112 -0.2875000001944499 
114 137 -0.6250000001010012 
114 191 -0.3875000003094118 
114 892 -0.1875000000842686 
114 915 -0.5125000000273832 
114 916 -0.5416666666711376 
114 917 -0.3750000000556033 
115 13 -0.7549019607933392 
115 18 -0.715686274565106 
115 63 -0.4705882352996398 
115 112 -0.652941177035878 
115 163 -0.6617647059060003 
115 166 -0.7926470588326833 
115 277 -0.68235294169055 
115 371 -0.6764705882791078 
115 465 0.02941176463892048 
115 564 -0.41176470591217695 
115 566 -0.578431372570432 
115 626 -0.7264705883907268 
115 642 -0.7745098039428335 
115 746 -0.47058823529964 
115 918 -0.5784313725743737 
115 920 -0.6078431372665689 
115 921 0.029411764638920368 
115 923 0.029411764638920368 
115 924 -0.6372549019622264 
115 925 0.02941176463892048 
115 926 0.029411764638920812 
115 927 0.02941176463892059 
115 928 0.029411764638920257 
115 931 0.0294117646389207 
115 932 -0.5931372549178031 
115 933 0.029411764638920257 
115 935 -0.5073529412232092 
115 936 0.029411764638920257 
115 939 0.02941176463892048 
115 940 0.0294117646389207 
115 942 -0.4558823529445677 
115 944 0.02941176463892048 
115 947 -0.5931372549263385 
115 948 0.029411764638920257 
116 13 -0.6666666666691909 
116 950 0.24999999997633615 
116 952 -0.2500000000114526 
116 953 0.24999999997633604 
117 13 -0.7738095238109775 
117 70 -0.6190476190566399 
117 818 -0.5571428571648331 
117 954 -0.2857142860788331 
117 955 -0.35714285715102667 
117 957 0.14285714284071527 
117 961 -0.5238095238143972 
118 134 -0.3750000000074958 
118 369 -0.7083333333354491 
118 581 -0.5416666666701522 
118 962 -0.6250000000033311 
118 963 -0.5416666666711374 
118 964 0.1249999999853243 
118 966 0.1249999999853244 
118 968 0.12499999998532463 
119 120 -0.39682539737786926 
119 244 -0.4111111112216401 
119 356 -0.38888888889582685 
119 586 -0.5000000000216407 
119 759 -0.3968253979186509 
119 766 -0.3333333333691022 
119 876 -0.49206349220239853 
119 972 -0.7083333333672701 
119 974 -0.33333333366027174 
120 13 -0.4523809525658695 
120 113 -0.24285714355993782 
120 119 -0.39682539737786926 
120 161 -0.4523809523943447 
120 360 -0.3412698418700342 
120 876 -0.3571428572502313 
120 980 -0.5476190476296052 
121 13 0.0833333333241344 
122 13 -0.41666666822328424 
122 89 -0.33333333524726316 
122 124 -2.0627832775232946e-10 
122 169 -0.47222222227957644 
122 188 -0.5833333333373456 
122 244 -0.43333333337652746 
123 13 -0.7083333334138431 
123 202 -0.5500000002833108 
123 372 -0.33333333334233695 
123 985 -0.33333333334233695 
123 986 -0.3333333333423367 
123 987 0.16666666664825058 
124 13 -0.20833333336712712 
124 122 -2.0627832775232946e-10 
124 244 -0.14166666675607265 
124 360 -0.1805555562989969 
125 13 -0.4166666666724308 
125 989 -0.2500000000086171 
126 13 -0.6333333337766247 
126 128 -0.6947368421327833 
126 594 -0.46666666667263 
126 919 -0.3000000000100629 
126 991 0.19999999997925044 
127 992 0.49999999972581843 
128 15 -0.6894736864978308 
128 126 -0.6947368421327833 
128 145 -0.6809210526363025 
128 166 -0.7460526324959518 
128 222 -0.6184210526440612 
128 318 -0.6907894738154579 
128 568 -0.6740890688411239 
128 616 -0.6282894736926403 
128 783 -0.7573099420702223 
128 917 -0.535087719308891 
128 993 -0.4473684210573401 
128 995 0.052631578926648936 
128 996 -0.1447368421094397 
128 997 -0.3684210526448357 
128 998 -0.36842105264987746 
128 1001 -0.3421052631662129 
128 1002 -0.44736842105734054 
128 1003 -0.6140350877216643 
128 1004 0.05263157892664916 
129 20 -0.7100840336341205 
129 112 -0.5142857144288919 
129 131 -0.21428571431251475 
129 1006 -0.10000000002931175 
129 1007 -0.35714285715102667 
129 1011 0.14285714284071527 
129 1012 0.10714285711115923 
130 195 -0.4523809523943445 
130 246 -0.388888888954269 
130 843 -0.38095238096469486 
131 129 -0.21428571431251475 
131 360 -0.45833333337336035 
131 911 -0.12500000002750022 
131 1006 -0.20000000002001528 
132 140 -0.56666666667051 
132 178 -0.1666666666799932 
132 1024 0.33333333330550463 
133 195 -0.5238095238143974 
133 1025 -0.500000000004698 
133 1026 0.33333333330550463 
134 118 -0.3750000000074958 
134 784 -0.33333333333916926 
135 15 -0.4714285714379405 
135 1029 0.49999999996157996 
136 213 -0.2500000000086171 
136 1030 0.24999999997633615 
136 1032 0.24999999997633615 
136 1033 0.24999999997633604 
137 15 -0.6928571431218513 
137 114 -0.6250000001010012 
137 182 -0.4642857143845305 
137 249 -0.42500000002970184 
137 273 -0.5166666666754458 
137 668 -0.5500000001869216 
137 1015 -0.7071428573314991 
137 1034 -0.5000000000205358 
137 1035 -0.5666666666705102 
137 1036 0.09999999998832132 
138 315 -0.5555555555596878 
138 1039 0.3333333333055045 
138 1040 0.33333333330550463 
139 15 -0.5238095238429301 
139 35 -0.5877192982557129 
139 1042 0.33333333330550463 
140 15 -0.6642857143557748 
140 35 -0.6921052634012845 
140 132 -0.56666666667051 
140 160 -0.5000000000797158 
140 270 -0.5000000000205356 
140 318 -0.22500000003952425 
140 1037 -0.2222222222621686 
140 1045 -0.650000000054179 
140 1046 -0.4777777780231154 
140 1047 -0.10000000026973899 
141 15 -0.6238095238168899 
141 45 -0.6166666666679812 
141 1048 -7.008393865248763e-12 
142 1049 0.9999999999267714 
143 1050 -0.1666666666799934 
143 1051 -0.3333333333420523 
143 1052 -0.1666666666799932 
144 15 0.028571428503498364 
145 15 -0.6553571430009104 
145 88 -0.6250000004775347 
145 108 -0.6125000000757852 
145 128 -0.6809210526363025 
145 848 -0.25000000032936387 
145 1054 -0.5833333337511382 
145 1055 0.1249999999853244 
145 1057 -0.5000000000598845 
146 720 -0.5238095238135427 
146 1059 0.14285714284071527 
146 1061 -0.3571428571510269 
146 1062 -0.3571428571510269 
146 1063 -0.3571428571510271 
146 1064 0.14285714284071527 
146 1065 0.14285714284071527 
147 15 -0.6238095238168899 
147 1006 -0.3666666667259637 
147 1068 -0.1666666666799932 
149 198 -9.347238538737201e-10 
149 1071 0.14999999997369895 
150 15 -0.5928571428912235 
150 20 -0.5735294126033124 
150 191 -0.5500000004029642 
150 760 -0.416666667313772 
150 1072 -0.2500000002877394 
150 1073 0.16666666664825058 
151 15 -0.47142857143794004 
151 1074 -1.6896040122560407e-11 
152 15 -0.6380952380969598 
152 972 -0.2500000000814977 
152 1075 -4.557789701209458e-10 
154 15 -0.7214285714315853 
154 232 0.24999999997633615 
154 1076 0.24999999997633615 
154 1077 0.24999999997633604 
156 959 0.19999999999175544 
157 360 -0.6388888888919688 
157 730 -0.416666666673736 
157 1078 -0.416666666673736 
157 1080 -0.2500000000114524 
158 15 -0.63809523809696 
158 1081 -0.41666666667351815 
158 1082 -0.1666666666799932 
159 15 -0.7761904762100267 
159 843 -0.4642857144491359 
159 1084 -0.16666666670099617 
159 1086 -0.5000000000438263 
159 1087 0.1666666666482508 
159 1089 -0.25000000039307646 
160 15 -0.6428571428693877 
160 140 -0.5000000000797158 
160 1071 -0.6000000000038344 
160 1091 0.19999999997925055 
160 1092 0.19999999997925044 
161 15 -0.6238095238168895 
161 120 -0.4523809523943447 
161 1093 -0.1666666666799932 
162 15 -0.6380952380969602 
162 835 -0.3333333333420525 
162 1095 -0.1666666666799932 
163 15 -0.5107142857609566 
163 115 -0.6617647059060003 
163 182 -0.16071428573421764 
163 1100 0.24999999997633604 
164 84 -0.38888888889582685 
164 1101 0.49999999996157996 
165 15 0.028571428503498586 
166 20 -0.7073529415699995 
166 47 -0.7136363638733751 
166 115 -0.7926470588326833 
166 128 -0.7460526324959518 
166 173 -0.4666666667071273 
166 190 -0.6000000001946417 
166 237 -0.6333333333781914 
166 472 -0.6250000000190536 
166 876 -0.7571428572454939 
166 1014 -0.5750000001127535 
166 1103 -0.6750000000065377 
166 1104 -0.5916666666707646 
166 1105 -0.375000000012762 
166 1106 0.049999999976231946 
166 1107 0.04999999997623206 
166 1108 0.04999999997623217 
166 1109 0.04999999997623217 
166 1110 0.04999999997623206 
166 1111 0.04999999997623217 
166 1114 0.04999999997623217 
167 15 -0.7714285714324314 
167 576 -0.5500000000047178 
167 1115 0.19999999997925055 
167 1116 0.19999999997925055 
167 1117 0.19999999997925044 
168 15 -0.4428571428623578 
168 750 -0.2500000000058349 
169 89 -0.5277777777895849 
169 122 -0.47222222227957644 
169 365 -0.6388888888912463 
169 432 -0.3888888888927031 
169 462 0.11111111109800753 
169 947 -0.38888888919497666 
169 1014 -0.4722222223089654 
169 1050 -0.38888888889582685 
169 1105 -0.22222222225199406 
170 15 -0.47142857143794004 
170 538 -0.41666666666991325 
171 15 -0.4142857142958969 
171 1072 0.24999999987545451 
172 15 -0.5238095238429303 
172 35 -0.5789473684330684 
172 1027 -0.16666666672802766 
173 15 -0.46666666698126047 
173 166 -0.4666666667071273 
173 1034 -0.16666666735404756 
174 15 -0.5809523809755934 
174 647 -0.33333333340950233 
174 828 -0.3000000000424672 
175 15 0.028571428503498142 
176 15 -0.6071428572299424 
176 289 -0.3500000000414476 
176 550 -0.5166666668858406 
176 989 -0.5000000000056279 
177 15 -0.552380952434427 
177 190 -0.25000000001600187 
177 550 -0.46666666669529366 
178 132 -0.1666666666799932 
178 737 -1.6896040122560407e-11 
179 20 -0.4485294118110641 
179 54 -0.5760869566519431 
179 185 -0.0625000003501146 
179 550 -0.45000000037523646 
180 24 -0.3750000001743299 
180 244 -0.5833333333591999 
180 270 -0.2500000002739664 
180 641 -0.41666666667373575 
181 15 0.028571428503498475 
182 15 -0.5571428572029604 
182 113 -0.5142857158269165 
182 137 -0.4642857143845305 
182 163 -0.16071428573421764 
182 195 -0.5000000002121154 
182 398 -0.6071428571464843 
182 500 -0.5238095238143972 
183 15 -0.47142857143794004 
183 770 -1.6896040122560407e-11 
184 760 -0.4166666666805299 
184 972 -0.47916666667892627 
184 1000 -0.3888888891329634 
185 20 -0.606617647116265 
185 64 -0.597222222756419 
185 179 -0.0625000003501146 
185 331 -0.31250000034332737 
185 582 -0.4375000000318203 
185 645 0.1249999999853243 
185 648 -0.6250000000098759 
185 701 0.12499999998532463 
187 16 0.19999999997925055 
188 16 -0.5500000000047176 
188 122 -0.5833333333373456 
188 474 0.24999999997633615 
188 877 -0.5833333333371744 
189 16 -0.3000000000100629 
189 648 -0.4000000000033892 
190 16 -0.45000000022982944 
190 166 -0.6000000001946417 
190 177 -0.25000000001600187 
190 513 -0.4500000009753795 
191 94 -0.7228260871166445 
191 112 -0.3250000000465443 
191 113 -0.5000000000511651 
191 114 -0.3875000003094118 
191 150 -0.5500000004029642 
191 239 -0.5375000000588395 
191 242 -0.558333334520543 
191 376 -0.5666666666737226 
191 377 0.04999999997623228 
191 491 -0.6166666666679801 
191 759 -0.5107142859220455 
191 760 -0.5416666670009724 
191 761 -0.4333333338531107 
191 805 -0.37500000001276157 
191 827 -0.3250000000499951 
191 863 -0.4500000000046547 
191 892 -0.37500000001629985 
191 912 -0.15000000000417102 
191 918 -0.4916666667126728 
191 1001 -0.3250000000097648 
192 17 0.49999999996157996 
193 1034 0.24999999997633615 
195 18 -0.5357142857621486 
195 20 -0.6680672277898609 
195 130 -0.4523809523943445 
195 133 -0.5238095238143974 
195 182 -0.5000000002121154 
195 814 -0.6190476190566403 
195 935 -0.4107142869712388 
197 18 0.16666666664825036 
198 30 -0.625000000002758 
198 149 -9.347238538737201e-10 
198 506 -0.5416666666711376 
198 603 -0.5416666666711374 
198 750 -0.6250000000217528 
198 806 -0.37500000000749534 
198 877 -0.5833333333578636 
198 1071 -0.45000000011375163 
199 18 -0.33333333334233695 
199 559 -0.2500000000086171 
200 601 0.49999999996157996 
201 18 -0.5833333333373456 
201 434 -0.46428571437265065 
201 544 -0.6071428571461048 
201 726 -6.147748976559342e-12 
202 18 -0.5500000002833105 
202 123 -0.5500000002833108 
202 299 -0.3000000000146632 
202 352 -0.22500000000513065 
202 522 -0.46666666667263046 
203 19 0.49999999972581843 
203 66 -0.4600000000046558 
204 20 -0.5735294119084109 
204 52 -0.12500000072267747 
204 566 0.1666666650656865 
204 1014 -0.2500000001593039 
205 20 -0.1323529415549467 
205 85 0.24999999997759326 
206 104 -0.41666666667373575 
206 575 -0.5416666666711374 
206 963 -0.3333333333420525 
207 20 -0.32352941178207506 
207 64 -0.2222222222519945 
208 609 0.08333333332413417 
209 20 0.05882352939801827 
210 20 -0.5490196078516401 
210 937 -7.008615909853688e-12 
210 1016 -0.41666666667351837 
211 20 0.05882352939801805 
212 20 0.05882352939801827 
213 20 -0.4411764705931145 
213 136 -0.2500000000086171 
214 21 -0.6590909090928796 
214 67 -0.5719696973685187 
214 308 -0.6515151518438662 
214 376 -0.43939393942072824 
214 386 -0.4943181829545231 
214 412 0.09090909089870947 
214 415 -0.2000000010573244 
214 417 -0.7136363636426011 
214 490 -0.348484848665608 
214 637 -0.5681818182109928 
214 818 -0.3454545464628884 
215 21 -0.2500000000114524 
215 53 -0.4090909090969783 
216 21 -0.25000000001145284 
216 54 -0.45652173913503913 
217 21 0.24999999997633604 
218 22 0.3333333333055045 
219 22 -7.008393865248763e-12 
219 46 -0.400000000027817 
220 23 0.07692307691495326 
221 96 0.062499999990653254 
222 23 -0.557692307807194 
222 128 -0.6184210526440612 
222 429 -0.41666666667373553 
222 1086 -0.2500000013113459 
224 23 -0.4230769230824445 
224 475 -0.1666666666779204 
226 23 -0.42307692308244427 
226 1067 -0.2500000000086171 
227 23 0.07692307691495337 
228 44 -0.7071428571520779 
228 50 -0.2500000000114524 
228 562 -0.25000000001145284 
228 579 -0.6000000000509935 
229 23 0.07692307691495315 
230 23 -0.42307692308244427 
230 785 0.49999999996157996 
231 35 -0.736842105275342 
231 108 -0.5500000002833101 
231 532 -0.5833333333373456 
231 538 -0.5416666668586954 
231 550 -0.6166666669317664 
231 949 0.16666666664825058 
232 154 0.24999999997633615 
233 23 -0.2692307692678453 
233 239 -0.1875000006053278 
233 864 -0.4791666666892127 
234 23 -0.5961538464291805 
234 239 -0.25000000122468236 
234 249 -0.3750000005196079 
234 527 -0.37500000000749556 
234 546 -0.5625000000318723 
234 761 -0.4791666668126007 
234 911 -0.4166666667066812 
234 924 -0.25000000039993653 
235 23 -0.4230769230824445 
235 908 -0.2500000000086171 
237 23 -0.6410256413349571 
237 166 -0.6333333333781914 
237 246 -0.500000000926927 
237 371 -0.1250000011027721 
237 843 -0.5476190477498757 
237 980 -0.2500000019569275 
238 980 0.1666666666482508 
239 23 -0.4423076923326834 
239 191 -0.5375000000588395 
239 233 -0.1875000006053278 
239 234 -0.25000000122468236 
239 242 -0.2430555569959736 
239 243 -0.31250000001342393 
239 616 -0.5000000000200366 
239 1046 -0.47222222225933885 
240 24 -0.5833333333371753 
240 693 -0.5000000000053613 
240 725 -0.29166666675495345 
240 760 -0.666666666669411 
240 1038 0.1666666666482508 
240 1081 -0.29166666675495323 
241 24 0.24999999997633604 
242 25 -0.5404040404745785 
242 191 -0.558333334520543 
242 239 -0.2430555569959736 
242 434 -0.7460317460335681 
242 579 -0.4777777783926347 
242 616 -0.5208333333475588 
242 932 -0.44444444446996867 
242 971 0.11111111109800775 
242 1086 -0.527777778233196 
243 25 -0.3484848486962302 
243 239 -0.31250000001342393 
243 1027 -0.1666666667811898 
244 25 -0.5151515152295922 
244 81 -0.5410256414178853 
244 112 -0.3666666674673289 
244 113 -0.3333333335627473 
244 119 -0.4111111112216401 
244 122 -0.43333333337652746 
244 124 -0.14166666675607265 
244 180 -0.5833333333591999 
244 246 -0.6333333333532156 
244 277 -0.500000000898694 
244 315 -0.5777777779026896 
244 360 -0.34444444461216506 
244 673 0.06666666666038623 
244 759 -0.3428571428870484 
244 911 -0.36666666684808535 
245 519 0.33333333331549286 
246 25 -0.560606061080045 
246 130 -0.388888888954269 
246 237 -0.500000000926927 
246 244 -0.6333333333532156 
246 274 -0.27777777778487955 
246 275 -0.633333333395794 
246 337 -0.38888888889582685 
246 1000 -0.6666666666960765 
246 1097 -0.38888888889582707 
247 882 0.33333333331549264 
248 25 -0.36363636393943666 
248 1009 -0.20000000000842366 
249 25 -0.38636363639094795 
249 113 -0.27500000247247014 
249 137 -0.42500000002970184 
249 234 -0.3750000005196079 
250 429 -0.41666666667351837 
250 501 -0.25000000001145284 
250 563 -0.5833333333371749 
250 731 -0.2500000000086171 
251 25 -0.40909090909697854 
251 999 -0.2500000000086171 
252 25 0.09090909089870935 
253 762 0.24999999997633615 
254 27 0.3333333333055045 
255 516 0.9999999999267714 
256 27 0.33333333330550463 
257 28 0.49999999996157996 
258 29 0.33333333331549264 
258 72 -0.3333333333420525 
258 1025 -0.5000000000046982 
259 30 -0.2500000000114526 
259 1007 -1.6895818077955482e-11 
260 30 -0.42500000023647777 
260 85 -0.20000000002632867 
260 88 -0.5916666667345625 
260 89 -0.46666666667380863 
260 761 -0.6333333333366036 
261 81 0.07692307691495315 
263 31 -0.1250000000166791 
263 80 -0.6250000000203855 
263 528 -0.41666666667373553 
263 962 -0.5000000000056279 
264 32 -0.41666666667351815 
264 266 -0.41666666667373575 
264 568 -0.4326923076993361 
264 616 -0.3125000006431633 
265 298 0.1666666664339419 
265 315 -0.44444444445711984 
265 358 -0.1666666666799932 
266 264 -0.41666666667373575 
266 532 -0.41666666667373553 
266 728 0.33333333330550463 
267 32 0.33333333330550463 
268 33 -0.2666666666847617 
268 828 -0.3666666667259635 
268 1054 -0.2500000000079481 
269 33 -0.3000000000100629 
269 783 -0.38888888889270357 
270 33 -0.5500000000047183 
270 140 -0.5000000000205356 
270 180 -0.2500000002739664 
270 315 -0.4166666667576422 
271 33 -0.2666666666847619 
271 661 -0.1666666666799932 
271 1054 -0.3333333333556161 
272 33 0.19999999997925044 
273 34 -0.2916666666926928 
273 137 -0.5166666666754458 
273 363 -0.46666666667226453 
274 34 -1.3026513201452872e-10 
274 246 -0.27777777778487955 
275 246 -0.633333333395794 
275 494 -0.30000000000697513 
275 609 -0.6333333333354645 
275 617 -0.5500000002833108 
275 920 -0.3666666667259637 
276 442 0.33333333331549264 
277 34 -0.45000000001769513 
277 115 -0.68235294169055 
277 244 -0.500000000898694 
277 609 -0.36666666686352056 
277 1051 -0.10000000004096954 
278 80 -0.6833333333586249 
278 283 -0.36666666697333916 
278 285 0.0999999999883211 
278 324 -0.27500000004694636 
278 334 -0.2000000001601212 
278 359 -0.4166666676921238 
278 750 -0.550000000033835 
278 776 -0.35000000031384837 
278 1013 -0.4000000000064694 
278 1045 -0.5500000010044044 
279 35 -0.4824561404035257 
279 362 -0.1666666666779204 
280 35 -0.4824561404035257 
280 95 -0.35714285715102667 
281 35 -0.6271929824632521 
281 71 -0.6458333333456443 
281 344 -0.2875000000362433 
281 348 -0.25000000052244786 
281 648 -0.6500000001433544 
281 815 0.1249999999853243 
281 1015 -0.6071428571817874 
281 1054 -0.6458333333354842 
282 538 0.08333333332413406 
283 35 -0.5877192982887782 
283 278 -0.36666666697333916 
283 631 -0.4743589743772161 
284 35 -0.6403508772044677 
284 612 -0.3333333333420525 
284 807 -7.008615909853688e-12 
285 278 0.0999999999883211 
286 35 0.017543859580936072 
287 35 -0.6228070175630109 
287 538 -0.3750000007155725 
287 682 -0.266666666714076 
289 35 -0.712280702095438 
289 176 -0.3500000000414476 
289 711 -0.10000000004096998 
289 750 -0.38750000075573277 
289 877 -0.1166666666886711 
290 45 -0.7500000001939833 
