0 0 0.0 
0 1 0.33333333331549286 
1 0 0.33333333331549286 
1 1 0.0 
1 84 -0.5833333333354087 
1 959 -0.1666666666799932 
2 2 0.0 
2 3 -0.3333333333826183 
2 4 -0.2142857143002519 
3 2 -0.3333333333826183 
3 3 0.0 
3 60 -0.5993589743993339 
3 72 -0.35606060621288727 
3 76 -6.945688468817934e-11 
3 79 -0.27083333365221707 
3 115 -0.5000000000606057 
3 119 -0.5000000000606057 
3 401 -0.33333333340661175 
3 657 -1.9835688647162897e-11 
3 658 -1.9835688647162897e-11 
3 659 0.08333333332413406 
3 660 -0.33333333354703454 
4 2 -0.2142857143002519 
4 4 0.0 
4 28 -0.35714285715102667 
4 117 -0.3571428571510269 
4 435 -0.6071428571464845 
4 660 -0.21428571461347823 
4 975 0.03571428457938719 
4 976 0.03571428457938708 
5 5 0.0 
5 6 -4.816769205717719e-11 
5 7 0.249999999966397 
6 5 -4.816769205717719e-11 
6 6 0.0 
6 7 -0.2500000003209992 
6 277 0.12499999998532463 
6 278 0.12499999998532452 
6 279 0.12499999998532452 
6 280 -0.43750000003346234 
6 281 0.1249999999853244 
6 282 0.12499999998532463 
7 5 0.249999999966397 
7 6 -0.2500000003209992 
7 7 0.0 
7 52 -0.5000000000148281 
7 1011 0.24999999997759337 
8 8 0.0 
8 9 0.19999999999175533 
9 8 0.19999999999175533 
9 9 0.0 
9 46 -0.7117647059129566 
9 232 -0.48750000016065953 
9 329 -0.3000000000100629 
9 1105 -0.10000000000487619 
10 10 0.0 
10 11 0.06249999998906497 
11 10 0.06249999998906497 
11 11 0.0 
11 38 -0.7121710527455505 
11 114 -0.7946428571439808 
11 139 -0.4062500000029874 
11 211 -0.7471590909480677 
11 423 -0.4375000000049982 
11 479 0.06249999999065303 
11 520 -0.8465909090944421 
11 698 -0.7395833333880162 
11 821 0.06249999999065303 
11 834 -0.34375000002171485 
11 994 0.06249999999065314 
11 995 0.062499999990653254 
11 996 0.06249999999065303 
11 997 0.06249999999065292 
11 998 0.062499999990653254 
12 12 0.0 
12 13 -0.6333333333364837 
12 14 -0.3000000000100629 
12 15 -0.6000000000038344 
12 16 -0.3000000000100629 
12 17 -0.7230769230784286 
13 12 -0.6333333333364837 
13 13 0.0 
13 344 -0.6666666666694114 
13 497 0.16666666664825036 
13 677 -0.33333333334233695 
13 678 0.1666666666482508 
13 679 0.16666666664825058 
14 12 -0.3000000000100629 
14 14 0.0 
14 732 0.49999999996157996 
15 12 -0.6000000000038344 
15 15 0.0 
15 218 -0.5500000000301757 
15 663 -0.5000000003443872 
15 723 0.19999999997925055 
15 1005 0.19999999997925044 
16 12 -0.3000000000100629 
16 16 0.0 
16 927 -1.6896040122560407e-11 
17 12 -0.7230769230784286 
17 17 0.0 
17 39 -0.4935897436779353 
17 40 -0.5307692308067458 
17 41 -0.48076923083383716 
17 52 -0.6201923077362634 
17 161 -0.6730769230793046 
17 502 -0.7230769230788294 
17 795 0.07692307691495315 
17 820 -0.2403846158556524 
17 923 0.07692307691495337 
17 1015 -0.31730769246755797 
17 1038 0.07692307691495326 
17 1113 0.07692307691495315 
18 18 0.0 
18 19 0.4999999997258183 
19 18 0.4999999997258183 
19 19 0.0 
19 249 -0.2500000000086171 
20 20 0.0 
20 21 -0.4166666666699128 
20 22 -1.6896040122560407e-11 
21 20 -0.4166666666699128 
21 21 0.0 
21 46 -0.8284313725574364 
21 88 -0.7500000000023339 
21 534 0.0833333333241344 
21 592 0.08333333332413417 
21 593 -0.5833333333367088 
21 594 0.0833333333241344 
21 595 0.08333333332413406 
21 596 0.08333333332413417 
21 597 -0.583333333336709 
21 598 -0.4166666666724308 
21 599 0.0833333333241344 
22 20 -1.6896040122560407e-11 
22 22 0.0 
22 627 -1.6896040122560407e-11 
23 23 0.0 
23 24 0.41666666662901175 
23 25 -0.466666666672265 
23 26 -0.2500000000814979 
24 23 0.41666666662901175 
24 24 0.0 
24 26 -4.816769205717719e-11 
25 23 -0.466666666672265 
25 25 0.0 
25 469 0.24999999993888966 
25 470 0.26666666653894655 
25 777 -0.03333333337354305 
25 941 0.19999999997925044 
26 23 -0.2500000000814979 
26 24 -4.816769205717719e-11 
26 26 0.0 
26 77 -0.3125000003433276 
26 229 -0.5446428576069211 
26 699 -0.25000000032936454 
26 729 0.1249999999853243 
26 807 -0.6750000000027012 
26 1060 0.12499999998532463 
27 27 0.0 
27 28 0.49999999996157996 
28 4 -0.35714285715102667 
28 27 0.49999999996157996 
28 28 0.0 
29 29 0.0 
29 30 0.19999999999175533 
30 29 0.19999999999175533 
30 30 0.0 
30 144 -0.550000000004718 
30 571 -0.32500000003264473 
30 572 -0.2000000002242286 
30 573 0.26666666653894655 
31 31 0.0 
31 32 0.06249999998906497 
32 31 0.06249999998906497 
32 32 0.0 
32 73 -0.4375000000049978 
32 148 -0.41875000005046137 
32 151 -0.45000000037399235 
32 163 -0.3500000008624997 
32 165 -0.18750000013759527 
32 166 -0.09375000000953237 
32 236 -0.3125000000180196 
32 393 -0.09375000000953215 
32 394 -0.41250000011956 
32 557 -0.3854166667553116 
32 760 -0.3437500000147191 
32 761 0.062499999990653254 
32 762 -0.09375000000953215 
32 763 0.06249999999065292 
32 764 0.062499999990653254 
33 33 0.0 
33 34 0.12499999998815581 
34 33 0.12499999998815581 
34 34 0.0 
34 72 -0.5227272735832169 
34 133 -0.6282894736910625 
34 178 -0.7840909091366344 
34 345 -0.4375000002124829 
34 429 -0.37500000000749534 
34 576 -0.37500000000749556 
34 577 -0.37500000000749556 
35 35 0.0 
35 36 0.2619047617899213 
35 37 -0.21428571431284027 
35 38 -0.2556390978299117 
35 39 -0.3690476191528391 
35 40 -0.2642857143062596 
35 41 -0.1714285717226216 
35 42 -0.32467532524601483 
36 35 0.2619047617899213 
36 36 0.0 
36 38 -0.2894736842414729 
36 42 -0.18181818183607823 
37 35 -0.21428571431284027 
37 37 0.0 
37 40 -0.37500000022208724 
37 549 0.24999999997633615 
37 563 -0.4500000009753795 
38 11 -0.7121710527455505 
38 35 -0.2556390978299117 
38 36 -0.2894736842414729 
38 38 0.0 
38 39 -0.3552631580102412 
38 40 -0.4894736848731178 
38 41 -0.3842105268011531 
38 200 -0.6447368422367692 
38 211 -0.61483253609753 
38 302 -0.49342105266241143 
38 506 0.05263157892664905 
38 532 0.052631578926648936 
38 544 0.052631578926648936 
38 571 -0.559210527073972 
38 602 -0.43421052637609425 
38 645 -0.3771929826629514 
38 681 -0.5300751883095942 
38 833 0.05263157892664927 
38 834 -0.3684210526489864 
38 835 -0.5368421053745438 
39 17 -0.4935897436779353 
39 35 -0.3690476191528391 
39 38 -0.3552631580102412 
39 39 0.0 
39 72 -0.5719696974227562 
39 203 -0.3611111111920562 
39 355 -0.2840909091977246 
39 401 -0.3750000002010512 
39 602 -0.2708333333666997 
39 854 -0.5833333333684241 
39 887 -0.3333333335470343 
39 888 -0.25000000002638956 
39 889 0.0833333333241344 
40 17 -0.5307692308067458 
40 35 -0.2642857143062596 
40 37 -0.37500000022208724 
40 38 -0.4894736848731178 
40 40 0.0 
40 200 -0.6750000001978986 
40 242 0.09999999998832121 
40 849 0.09999999998832099 
40 905 -0.5166666666754463 
40 984 0.09999999998832121 
40 1045 0.09999999998832132 
41 17 -0.48076923083383716 
41 35 -0.1714285717226216 
41 38 -0.3842105268011531 
41 41 0.0 
41 42 -0.34545454583440804 
41 199 -0.4142857145645118 
41 646 -0.42500000004269145 
41 703 -0.6416666675670908 
41 820 -0.10000000006576126 
41 949 -2.0580204207476527e-11 
41 950 -0.15000000076186115 
42 35 -0.32467532524601483 
42 36 -0.18181818183607823 
42 41 -0.34545454583440804 
42 42 0.0 
42 222 -0.6616161616519578 
42 290 -0.5303030309302632 
42 369 -0.6136363644480869 
42 413 -0.7636363637013674 
42 514 -0.40909090909697854 
42 583 -0.6590909096726254 
42 841 -0.40909090909697854 
42 950 -0.39772727273699915 
43 43 0.0 
43 44 0.19999999999175533 
44 43 0.19999999999175533 
44 44 0.0 
44 131 -0.6000000001042076 
44 551 -0.3000000000100629 
44 713 -0.3000000000100629 
44 1024 -0.10000000000487597 
45 45 0.0 
45 46 -0.38235294128643127 
45 47 0.2666666666198647 
45 48 0.49999999973567477 
46 9 -0.7117647059129566 
46 21 -0.8284313725574364 
46 45 -0.38235294128643127 
46 46 0.0 
46 47 -0.5235294119395968 
46 57 -0.57843137255378 
46 128 -0.44117647059311427 
46 340 0.058823529398017715 
46 356 -0.6911764705901684 
46 535 -0.6078431372574924 
46 536 0.05882352939801816 
46 537 0.05882352939801816 
46 538 -0.38235294118371144 
46 539 -0.44117647059311427 
46 540 -0.13235294155494648 
46 541 0.05882352939801805 
46 542 -0.7983193277321514 
46 543 -0.7323529412019787 
47 45 0.2666666666198647 
47 46 -0.5235294119395968 
47 47 0.0 
47 48 0.2499999999388901 
47 703 -0.6333333334257996 
47 1043 -0.3000000000100631 
48 45 0.49999999973567477 
48 47 0.2499999999388901 
48 48 0.0 
49 49 0.0 
49 50 0.09999999998787024 
50 49 0.09999999998787024 
50 50 0.0 
50 139 -0.3500000000183938 
50 192 -0.5909090909359063 
50 622 -0.4500000002664706 
50 696 -0.4500000000381963 
50 703 -0.6416666667183608 
50 706 -0.05000000056114362 
50 957 0.09999999998832099 
50 1029 0.09999999998832121 
50 1096 0.09999999998832132 
51 51 0.0 
51 52 0.04166666662356733 
52 7 -0.5000000000148281 
52 17 -0.6201923077362634 
52 51 0.04166666662356733 
52 52 0.0 
52 203 -0.46527777787506563 
52 280 -0.6250000000849902 
52 353 -0.4166666666718444 
52 355 -0.571969697119366 
52 363 -0.45833333333795534 
52 411 0.04166666662356744 
52 436 -0.7083333335710664 
52 505 0.04166666662356733 
52 516 0.04166666662356755 
52 565 -0.5416666666960617 
52 571 -0.5625000002481328 
52 602 -0.5208333333484338 
52 718 -0.7083333333347506 
52 902 -0.6250000000019342 
52 967 -0.4583333333379551 
52 991 0.04166666662356755 
52 1011 -0.16666666667080454 
52 1012 -0.45833333333795556 
52 1013 0.04166666662356744 
52 1014 0.04166666662356722 
52 1015 -0.43750000013577206 
53 53 0.0 
53 54 0.19999999999175533 
54 53 0.19999999999175533 
54 54 0.0 
54 235 0.19999999997925055 
54 809 -0.3000000000100629 
54 810 0.19999999997925055 
54 811 0.19999999997925044 
55 55 0.0 
55 56 -0.1666666666779204 
55 57 -0.1666666666799932 
56 55 -0.1666666666779204 
56 56 0.0 
56 189 -0.500000000004698 
56 254 -0.1666666666799932 
57 46 -0.57843137255378 
57 55 -0.1666666666799932 
57 57 0.0 
57 89 -7.008615909853688e-12 
58 58 0.0 
58 59 0.07692307691137545 
59 58 0.07692307691137545 
59 59 0.0 
59 72 -0.7482517483272626 
59 86 -0.38461538490143354 
59 92 -0.6730769230793046 
59 211 -0.6328671330935889 
59 251 -0.3461538462659297 
59 390 -0.4230769230824445 
59 430 -0.42307692308244427 
59 626 -0.5897435897467722 
59 734 -0.6846153846163896 
59 824 0.07692307691495293 
59 825 0.07692307691495326 
59 826 -0.3846153849014331 
60 3 -0.5993589743993339 
60 60 0.0 
60 61 -0.7846153846576605 
60 62 0.03846153841039923 
60 63 0.03846153841039923 
60 64 -0.46153846154316636 
60 65 0.03846153841039901 
60 66 -0.4615384615431668 
60 67 -0.17307692308125522 
60 68 -0.5897435897471743 
60 69 0.03846153841039901 
60 70 -0.4615384615431666 
60 71 -0.4615384615431668 
60 72 -0.6451048951568505 
60 73 -0.4615384615431668 
60 74 -0.4615384615431666 
60 75 -0.1538461538563216 
60 76 -0.19871794874153403 
60 77 -0.44230769231037614 
60 78 -0.4615384615431666 
60 79 -0.6153846155906888 
60 80 0.038461538410398566 
60 81 0.03846153841039923 
60 82 -0.615384615469357 
60 83 -0.8173076923132443 
60 84 -0.7596153846183302 
60 85 0.03846153841039901 
61 60 -0.7846153846576605 
61 61 0.0 
61 222 -0.5388888889786385 
61 223 -0.5500000000161553 
61 224 -0.3750000001491547 
61 225 -0.4000000000064694 
61 226 -0.40000000000646896 
61 227 -0.3500000003138486 
61 228 -0.6000000000211378 
61 229 -0.5857142865542642 
61 230 0.09999999998832132 
62 60 0.03846153841039923 
62 62 0.0 
63 60 0.03846153841039923 
63 63 0.0 
64 60 -0.46153846154316636 
64 64 0.0 
64 318 -1.6896040122560407e-11 
65 60 0.03846153841039901 
65 65 0.0 
66 60 -0.4615384615431668 
66 66 0.0 
66 718 -0.25000000001145284 
67 60 -0.17307692308125522 
67 67 0.0 
67 84 -0.08333333376811725 
68 60 -0.5897435897471743 
68 68 0.0 
68 778 0.3333333333055045 
68 779 -0.20000000003541807 
69 60 0.03846153841039901 
69 69 0.0 
70 60 -0.4615384615431666 
70 70 0.0 
70 343 -1.6896040122560407e-11 
71 60 -0.4615384615431668 
71 71 0.0 
71 741 0.49999999996157996 
72 3 -0.35606060621288727 
72 34 -0.5227272735832169 
72 39 -0.5719696974227562 
72 59 -0.7482517483272626 
72 60 -0.6451048951568505 
72 72 0.0 
72 75 -0.022727272745274973 
72 345 -0.5772727277273453 
72 396 -0.1818181818776896 
72 401 -0.13636363729822643 
72 657 0.022727272704225365 
72 1033 0.09090909089870935 
73 32 -0.4375000000049978 
73 60 -0.4615384615431668 
73 73 0.0 
74 60 -0.4615384615431666 
74 74 0.0 
74 200 -0.4500000000046549 
75 60 -0.1538461538563216 
75 72 -0.022727272745274973 
75 75 0.0 
76 3 -6.945688468817934e-11 
76 60 -0.19871794874153403 
76 76 0.0 
76 79 0.10416666663475138 
77 26 -0.3125000003433276 
77 60 -0.44230769231037614 
77 77 0.0 
78 60 -0.4615384615431666 
78 78 0.0 
78 162 0.49999999996157996 
79 3 -0.27083333365221707 
79 60 -0.6153846155906888 
79 76 0.10416666663475138 
79 79 0.0 
79 287 -0.37500000000749556 
79 437 -0.6250000008549343 
79 643 -0.5982142857289718 
79 658 0.12499999996082511 
79 854 -0.47916666694644294 
80 60 0.038461538410398566 
80 80 0.0 
81 60 0.03846153841039923 
81 81 0.0 
82 60 -0.615384615469357 
82 82 0.0 
82 285 -6.175726596779896e-11 
82 520 -0.5227272727383749 
82 779 -0.025000000108350573 
83 60 -0.8173076923132443 
83 83 0.0 
83 232 -0.5625000002716889 
83 272 -0.37500000000749556 
83 398 -0.5772058829545164 
83 640 -0.3875000004815632 
83 791 0.1249999999853244 
83 793 -0.6250000000033309 
83 1105 -0.2500000000198557 
84 1 -0.5833333333354087 
84 60 -0.7596153846183302 
84 67 -0.08333333376811725 
84 84 0.0 
84 520 -0.6098484849806503 
84 522 -0.0833333337681168 
84 922 0.08333333332413417 
84 1004 0.0833333333241344 
84 1022 -0.5833333333367086 
84 1056 0.08333333332413417 
84 1100 0.08333333332413417 
84 1104 0.08333333332413406 
84 1114 0.0833333333241344 
85 60 0.03846153841039901 
85 85 0.0 
86 59 -0.38461538490143354 
86 86 0.0 
86 87 -0.20000000000842366 
87 86 -0.20000000000842366 
87 87 0.0 
87 681 -0.5857142858288891 
87 736 0.19999999997925055 
87 737 0.19999999997925055 
87 738 0.19999999997925044 
88 21 -0.7500000000023339 
88 88 0.0 
88 89 -0.31250000034332714 
88 90 0.12499999998532463 
88 91 0.12499999998532452 
88 92 -0.6250000000033309 
88 93 -0.37500000000749534 
88 94 -0.6250000000033307 
88 95 -0.7083333333356194 
89 57 -7.008615909853688e-12 
89 88 -0.31250000034332714 
89 89 0.0 
90 88 0.12499999998532463 
90 90 0.0 
91 88 0.12499999998532452 
91 91 0.0 
92 59 -0.6730769230793046 
92 88 -0.6250000000033309 
92 92 0.0 
92 252 -0.2500000000114526 
92 1052 0.24999999997633604 
93 88 -0.37500000000749534 
93 93 0.0 
93 351 -0.3571428571478479 
94 88 -0.6250000000033307 
94 94 0.0 
94 410 0.24999999997633615 
94 545 -0.2500000000114524 
94 793 -0.5000000000056277 
95 88 -0.7083333333356194 
95 95 0.0 
95 228 -0.5833333338871682 
95 400 -0.4375000000389977 
95 413 -0.683333333438825 
95 610 -0.4166666673137722 
95 937 -0.5000000000053608 
96 96 0.0 
96 97 0.16666666665647933 
96 98 0.24999999997507738 
97 96 0.16666666665647933 
97 97 0.0 
97 98 0.24999999994430366 
97 99 0.11111111106195126 
97 100 -0.638888888891969 
97 101 0.16666666654714712 
97 102 0.11111111106195115 
97 103 0.11111111109800775 
97 104 -0.5555555555596876 
97 105 -0.7083333333383783 
98 96 0.24999999997507738 
98 97 0.24999999994430366 
98 98 0.0 
98 99 0.24999999941942908 
98 101 0.2499999993080697 
98 102 0.24999999941942908 
98 105 -0.6250000000530958 
99 97 0.11111111106195126 
99 98 0.24999999941942908 
99 99 0.0 
99 102 0.6666666664807098 
100 97 -0.638888888891969 
100 100 0.0 
100 179 -6.175748801240388e-11 
100 181 0.24999999997759303 
100 907 0.24999999997633604 
101 97 0.16666666654714712 
101 98 0.2499999993080697 
101 101 0.0 
102 97 0.11111111106195115 
102 98 0.24999999941942908 
102 99 0.6666666664807098 
102 102 0.0 
103 97 0.11111111109800775 
103 103 0.0 
104 97 -0.5555555555596876 
104 104 0.0 
104 948 0.3333333333055045 
104 1002 -0.41666666667351837 
105 97 -0.7083333333383783 
105 98 -0.6250000000530958 
105 105 0.0 
105 129 -0.7375000000016141 
105 183 -0.6041666666693843 
105 375 -0.5267857145835233 
105 378 -0.14583333334857107 
105 379 -0.14583333334857107 
105 419 -0.7062500000275724 
105 528 0.06249999999065303 
105 747 -0.4375000000049982 
105 980 0.062499999990653254 
105 1027 -0.4062500000029874 
105 1085 0.062499999990653254 
105 1098 -0.4375000000049982 
105 1115 0.06249999999065292 
105 1117 0.062499999990653254 
106 106 0.0 
106 107 0.055555555545317103 
107 106 0.055555555545317103 
107 107 0.0 
107 138 -0.4444444444492277 
107 195 0.05555555553809888 
107 275 -0.36111111112979843 
107 413 -0.7166666667386692 
107 453 0.0555555555380991 
107 468 -0.3333333333833983 
107 682 0.05555555553809888 
107 683 -0.4444444444492277 
107 684 -0.4444444444492277 
107 685 0.05555555553809921 
107 686 0.05555555553809888 
107 687 0.055555555538098655 
107 688 0.05555555553809899 
107 689 0.0555555555380991 
107 690 0.05555555553809921 
107 691 -0.4444444444492275 
107 692 0.0555555555380991 
108 108 0.0 
108 109 0.49999999972581843 
109 108 0.49999999972581843 
109 109 0.0 
109 937 -0.1666666666799932 
110 110 0.0 
110 111 -0.1875000000987379 
110 112 0.49999999995457634 
111 110 -0.1875000000987379 
111 111 0.0 
111 209 -0.4107142862431954 
111 210 -0.2500000005767147 
111 265 -0.5833333333390818 
111 362 -0.5625000003753968 
111 449 -0.3750000000553435 
111 451 -9.347236318291152e-10 
111 1090 0.12499999998532463 
112 110 0.49999999995457634 
112 112 0.0 
112 209 -0.14285714301661234 
113 113 0.0 
113 114 -0.1984126985712602 
113 115 -0.11111111114030514 
113 116 -0.7777777777791979 
113 117 -0.38888888889270357 
113 118 0.083333333302131 
113 119 -0.11111111114030492 
113 120 0.11111111109800775 
113 121 0.11111111109800775 
113 122 0.11111111109800764 
114 11 -0.7946428571439808 
114 113 -0.1984126985712602 
114 114 0.0 
114 115 -1.0362799507390719e-10 
114 118 0.17857142847963137 
114 119 -1.0362821711851211e-10 
114 207 0.14285714284071527 
114 208 0.14285714284071527 
115 3 -0.5000000000606057 
115 113 -0.11111111114030514 
115 114 -1.0362799507390719e-10 
115 115 0.0 
116 113 -0.7777777777791979 
116 116 0.0 
116 241 0.11111111109800764 
116 368 -0.5555555555596876 
116 454 -0.38888888889582685 
116 535 -0.5555555555586054 
116 608 -0.38888888889582685 
116 804 0.11111111109800775 
116 844 0.11111111109800775 
116 845 0.11111111109800764 
117 4 -0.3571428571510269 
117 113 -0.38888888889270357 
117 117 0.0 
118 113 0.083333333302131 
118 114 0.17857142847963137 
118 118 0.0 
119 3 -0.5000000000606057 
119 113 -0.11111111114030492 
119 114 -1.0362821711851211e-10 
119 119 0.0 
120 113 0.11111111109800775 
120 120 0.0 
121 113 0.11111111109800775 
121 121 0.0 
122 113 0.11111111109800764 
122 122 0.0 
123 123 0.0 
123 124 0.16666666665872043 
124 123 0.16666666665872043 
124 124 0.0 
124 499 -0.5000000003295679 
124 542 -0.6904761904786865 
124 662 -0.1666666669088006 
124 803 0.1666666666482508 
124 1032 0.16666666664825058 
125 125 0.0 
125 126 0.24999999997190692 
125 127 -0.06250000065276984 
126 125 0.24999999997190692 
126 126 0.0 
126 292 -0.4850000003189292 
126 341 -0.25000000008510437 
126 345 -0.10000000087837413 
127 125 -0.06250000065276984 
127 127 0.0 
127 158 -0.5227272728317001 
127 267 -0.675000000052848 
127 292 -0.6950000000767267 
127 341 -0.5000000000392346 
127 717 0.1249999999853243 
127 753 -0.6750000000027012 
127 832 0.12499999998532463 
128 46 -0.44117647059311427 
128 128 0.0 
128 129 -0.3000000000069756 
129 105 -0.7375000000016141 
129 128 -0.3000000000069756 
129 129 0.0 
129 447 0.14999999842844036 
129 448 0.14999999842844036 
129 964 0.19999999997925044 
130 130 0.0 
130 131 0.09999999998832143 
131 44 -0.6000000001042076 
131 130 0.09999999998832143 
131 131 0.0 
131 174 -0.6125000000091967 
131 178 -0.8318181818197359 
131 417 -0.7071428573314988 
131 485 -0.4000000000064694 
131 619 -0.5666666666705105 
131 817 -0.4250000000426917 
131 892 -0.3000000002832446 
131 893 0.09999999998832132 
132 132 0.0 
132 133 -0.1381578949457838 
132 134 -5.112221757030966e-11 
132 135 0.33333333328319403 
132 136 0.07499999993883455 
133 34 -0.6282894736910625 
133 132 -0.1381578949457838 
133 133 0.0 
133 134 -0.44078947373759303 
133 135 -0.23684210541130302 
133 136 -0.23157894748311958 
133 158 -0.43301435441659897 
133 211 -0.6830143544860354 
133 232 -0.6019736842220262 
133 267 -0.747368421107689 
133 292 -0.64842105272208 
133 293 -0.5657894737046838 
133 345 -0.38684210563763055 
133 370 -0.5877192982499266 
133 496 0.05263157892664905 
133 543 -0.7184210526496702 
133 569 0.05263157892664916 
133 666 -0.7210526315945147 
133 750 0.05263157892664938 
133 751 -0.42982456159652127 
134 132 -5.112221757030966e-11 
134 133 -0.44078947373759303 
134 134 0.0 
134 786 -0.45000000001769536 
134 870 0.24999999997633604 
135 132 0.33333333328319403 
135 133 -0.23684210541130302 
135 135 0.0 
135 307 -0.16666666697394517 
136 132 0.07499999993883455 
136 133 -0.23157894748311958 
136 136 0.0 
136 158 -0.4272727273394077 
136 307 -0.3142857151063976 
136 965 -0.36666666668347636 
137 137 0.0 
137 138 0.49999999996157996 
138 107 -0.4444444444492277 
138 137 0.49999999996157996 
138 138 0.0 
139 11 -0.4062500000029874 
139 50 -0.3500000000183938 
139 139 0.0 
140 140 0.0 
140 141 0.1111111110989933 
141 140 0.1111111110989933 
141 141 0.0 
141 172 0.11111111109800764 
141 238 -0.5555555555596878 
141 348 -0.6666666667958376 
141 413 -0.7888888888901893 
141 670 0.11111111109800753 
141 671 -0.3333333336602715 
141 672 -0.38888888889582685 
141 673 0.11111111109800764 
142 142 0.0 
142 143 0.33333333331549286 
143 142 0.33333333331549286 
143 143 0.0 
143 372 -0.1666666666799932 
143 926 -0.1666666666799932 
144 30 -0.550000000004718 
144 144 0.0 
144 145 0.24999999997633615 
144 146 -0.2500000000114526 
144 147 -0.5500000000046015 
145 144 0.24999999997633615 
145 145 0.0 
146 144 -0.2500000000114526 
146 146 0.0 
146 331 -0.2500000000086171 
147 144 -0.5500000000046015 
147 147 0.0 
147 526 -0.6000000000038337 
147 614 -0.6333333333364839 
147 785 -0.3000000000100629 
147 1109 0.19999999997925044 
148 32 -0.41875000005046137 
148 148 0.0 
148 149 -0.1818181821060092 
148 150 -0.14285714326601617 
148 151 0.2999999999680799 
148 152 0.06666666384283804 
149 148 -0.1818181821060092 
149 149 0.0 
149 150 -0.11688311691717379 
149 151 -0.1818181822906597 
149 552 0.09090909089870924 
149 553 0.09090909089870947 
149 554 0.06818181815267166 
149 555 0.09090909089870935 
149 556 -0.7090909090930717 
149 557 -0.34848484874815755 
149 558 0.06818181815267177 
149 559 0.09090909089870935 
150 148 -0.14285714326601617 
150 149 -0.11688311691717379 
150 150 0.0 
150 151 -0.14285714326601617 
150 391 -0.3571428571510269 
150 554 0.21428571419811981 
150 558 0.21428571419811981 
150 958 -0.3571428571510269 
151 32 -0.45000000037399235 
151 148 0.2999999999680799 
151 149 -0.1818181822906597 
151 150 -0.14285714326601617 
151 151 0.0 
151 924 -0.2000000000618758 
152 148 0.06666666384283804 
152 152 0.0 
152 165 0.16666666661203633 
152 557 0.3333333327562733 
153 153 0.0 
153 154 -0.2916666666710548 
153 155 -0.33333333334233695 
153 156 0.16666666664825058 
153 157 0.1666666666482508 
153 158 -0.5303030309628844 
153 159 -0.33333333334233695 
154 153 -0.2916666666710548 
154 154 0.0 
154 158 -0.18181818227441693 
154 186 0.24999999997633604 
154 232 -0.31250000001335265 
155 153 -0.33333333334233695 
155 155 0.0 
155 332 -1.6896040122560407e-11 
156 153 0.16666666664825058 
156 156 0.0 
157 153 0.1666666666482508 
157 157 0.0 
158 127 -0.5227272728317001 
158 133 -0.43301435441659897 
158 136 -0.4272727273394077 
158 153 -0.5303030309628844 
158 154 -0.18181818227441693 
158 158 0.0 
158 232 -0.4431818181911984 
158 345 -0.48636363637705293 
158 710 -0.40909090909697854 
158 781 -0.4090909090969783 
158 1003 0.09090909089870924 
158 1006 0.09090909089870935 
159 153 -0.33333333334233695 
159 159 0.0 
159 404 -0.3000000000069756 
160 160 0.0 
160 161 0.24999999997633615 
161 17 -0.6730769230793046 
161 160 0.24999999997633615 
161 161 0.0 
161 322 -0.41666666667373553 
161 747 -0.2500000000114524 
162 78 0.49999999996157996 
162 162 0.0 
163 32 -0.3500000008624997 
163 163 0.0 
163 164 0.049999999956932495 
163 165 -0.03333333337354327 
163 166 0.24999999993888944 
163 167 0.19999999997925044 
164 163 0.049999999956932495 
164 164 0.0 
164 236 0.4999999999545762 
165 32 -0.18750000013759527 
165 152 0.16666666661203633 
165 163 -0.03333333337354327 
165 165 0.0 
166 32 -0.09375000000953237 
166 163 0.24999999993888944 
166 166 0.0 
167 163 0.19999999997925044 
167 167 0.0 
168 168 0.0 
168 169 0.19999999999175533 
169 168 0.19999999999175533 
169 169 0.0 
169 219 -0.10000000004718324 
169 264 -0.25384615386404663 
169 446 -0.28333333376470016 
169 452 -0.26666666668264405 
170 170 0.0 
170 171 0.4999999997258183 
171 170 0.4999999997258183 
171 171 0.0 
171 196 -0.3888888888927031 
172 141 0.11111111109800764 
172 172 0.0 
173 173 0.0 
173 174 0.12499999998532452 
174 131 -0.6125000000091967 
174 173 0.12499999998532452 
174 174 0.0 
174 566 0.12499999998532463 
174 648 -0.6250000000033309 
174 754 0.12499999998532452 
174 817 -0.37500000005534373 
174 945 -0.5416666666711376 
174 1069 0.12499999998532463 
175 175 0.0 
175 176 0.3333333333055045 
175 177 -0.1666666666799932 
175 178 -0.6212121212142092 
176 175 0.3333333333055045 
176 176 0.0 
177 175 -0.1666666666799932 
177 177 0.0 
177 472 -0.3000000000069756 
178 34 -0.7840909091366344 
178 131 -0.8318181818197359 
178 175 -0.6212121212142092 
178 178 0.0 
178 289 -0.43181818182081355 
178 317 0.04545454542286986 
178 322 -0.6212121212142092 
178 355 -0.7500000002718386 
178 422 -0.5863636364028242 
178 435 -0.6363636363896799 
178 509 -0.4545454545500578 
178 542 -0.811688311690171 
178 591 0.045454545422869974 
178 605 0.045454545422869974 
178 635 0.04545454542287031 
178 683 -0.454545454550058 
178 722 -0.7090909091450768 
178 783 -0.38636363637806914 
178 837 -0.3863636363694689 
178 947 0.045454545422870085 
178 962 -0.6818181818240721 
178 970 0.04545454542287031 
178 971 0.045454545422870085 
179 100 -6.175748801240388e-11 
179 179 0.0 
179 180 0.3333333333055045 
179 181 0.4166666666290122 
180 179 0.3333333333055045 
180 180 0.0 
181 100 0.24999999997759303 
181 179 0.4166666666290122 
181 181 0.0 
182 182 0.0 
182 183 0.33333333330550463 
183 105 -0.6041666666693843 
183 182 0.33333333330550463 
183 183 0.0 
183 793 -0.41666666667373553 
184 184 0.0 
184 185 0.09999999998787024 
185 184 0.09999999998787024 
185 185 0.0 
185 219 -0.45000000011887864 
185 244 -0.5642857143081907 
185 259 -0.7333333335499033 
185 260 0.09999999998832099 
185 261 0.09999999998832099 
185 262 -0.05000000056114384 
185 263 0.09999999998832132 
185 264 -0.46923076942256814 
185 265 -0.7333333333350551 
186 154 0.24999999997633604 
186 186 0.0 
187 187 0.0 
187 188 0.33333333331549286 
188 187 0.33333333331549286 
188 188 0.0 
188 386 -0.5238095238135425 
188 1053 0.33333333330550463 
189 56 -0.500000000004698 
189 189 0.0 
189 190 -0.06250000015029977 
189 191 -0.3500000000682675 
189 192 -0.5681818182192684 
189 193 -0.37500000003695955 
189 194 0.24999999982600873 
190 189 -0.06250000015029977 
190 190 0.0 
190 191 -0.412500000711699 
190 192 -0.5738636368354173 
190 194 0.12499999996082556 
190 293 -0.625000000002758 
190 294 0.1249999999853243 
190 295 -0.6250000000033307 
190 296 -0.3125000001544338 
191 189 -0.3500000000682675 
191 190 -0.412500000711699 
191 191 0.0 
191 319 -0.3000000000100629 
191 320 0.19999999997925055 
191 321 0.19999999997925044 
192 50 -0.5909090909359063 
192 189 -0.5681818182192684 
192 190 -0.5738636368354173 
192 192 0.0 
192 224 -0.27272727280345554 
192 284 -0.39545454571380323 
192 296 -0.056818181921022504 
192 324 -0.3295454549021213 
192 326 -0.3246753250132488 
192 386 -0.5811688314229801 
192 398 -0.5173796792920606 
192 562 -0.5409090918922774 
192 585 -0.439393939435623 
192 589 -0.37121212133227677 
192 612 -0.09090909092677224 
192 613 -0.09545454669830056 
192 622 0.0075757575348058825 
192 623 -0.06818181820254399 
192 624 -0.05681818184170595 
192 642 -0.318181818207929 
192 696 -0.2651515156368298 
192 734 -0.6181818182266343 
192 828 -0.17424242429151704 
193 189 -0.37500000003695955 
193 193 0.0 
193 386 -0.4107142862234969 
193 420 -0.5833333333371751 
193 742 -0.2500000000114524 
194 189 0.24999999982600873 
194 190 0.12499999996082556 
194 194 0.0 
195 107 0.05555555553809888 
195 195 0.0 
196 171 -0.3888888888927031 
196 196 0.0 
196 197 0.11111111109800753 
196 198 0.11111111109800753 
196 199 -0.6904761905552363 
196 200 -0.7333333333496983 
196 201 0.11111111109800775 
196 202 0.11111111109800775 
196 203 -0.6666666666949004 
196 204 0.11111111109800764 
197 196 0.11111111109800753 
197 197 0.0 
198 196 0.11111111109800753 
198 198 0.0 
199 41 -0.4142857145645118 
199 196 -0.6904761905552363 
199 199 0.0 
199 483 0.14285714284071516 
199 643 -0.5714285725436248 
199 644 -0.28571428607883287 
199 645 -0.28571428573125557 
199 646 -0.33928571435219634 
200 38 -0.6447368422367692 
200 40 -0.6750000001978986 
200 74 -0.4500000000046549 
200 196 -0.7333333333496983 
200 200 0.0 
200 273 -0.4500000000046551 
200 368 -0.5666666666737219 
200 395 0.04999999997623217 
200 581 -0.4500000000046547 
200 601 -0.12500000001063283 
200 602 -0.42500000007611627 
200 722 -0.5500000000636522 
200 769 0.04999999997623217 
200 827 0.049999999976231946 
200 958 -0.4500000000046549 
200 977 0.04999999997623217 
200 999 0.04999999997623217 
200 1015 -0.4500000004126916 
200 1040 0.04999999997623206 
200 1041 0.04999999997623217 
200 1042 0.04999999997623217 
201 196 0.11111111109800775 
201 201 0.0 
202 196 0.11111111109800775 
202 202 0.0 
203 39 -0.3611111111920562 
203 52 -0.46527777787506563 
203 196 -0.6666666666949004 
203 203 0.0 
203 560 -0.3888888889610884 
203 563 -0.4222222222432426 
203 571 -0.2986111114207468 
203 602 -0.12500000025673907 
203 721 -0.22222222224359567 
203 1079 -0.055555555696017445 
204 196 0.11111111109800764 
204 204 0.0 
205 205 0.0 
205 206 0.1249999999881557 
206 205 0.1249999999881557 
206 206 0.0 
206 436 -0.7083333333354498 
206 488 0.12499999998532452 
206 577 -0.37500000000433653 
206 665 -0.37500000000749556 
206 816 -0.3750000000074958 
206 867 -0.37500000000749556 
206 1082 0.12499999998532463 
207 114 0.14285714284071527 
207 207 0.0 
208 114 0.14285714284071527 
208 208 0.0 
209 111 -0.4107142862431954 
209 112 -0.14285714301661234 
209 209 0.0 
209 210 -0.33928571435219657 
209 211 -0.8116883116901705 
209 212 0.14285714284071538 
209 213 0.14285714284071527 
209 214 0.14285714284071527 
210 111 -0.2500000005767147 
210 209 -0.33928571435219657 
210 210 0.0 
210 255 0.24999999997633615 
210 256 -0.2500000001593039 
211 11 -0.7471590909480677 
211 38 -0.61483253609753 
211 59 -0.6328671330935889 
211 133 -0.6830143544860354 
211 209 -0.8116883116901705 
211 211 0.0 
211 218 -0.6969696970023413 
211 248 -0.5909090916510182 
211 250 -0.1363636363741958 
211 251 -0.19696969698283562 
211 292 -0.6436363642166794 
211 396 -0.3181818182004108 
211 398 -0.8208556150276507 
211 417 -0.6980519480757805 
211 420 -0.5909090917204569 
211 499 -0.7752525252597138 
211 681 -0.5324675330716138 
211 703 -0.5265151523413063 
211 836 0.04545454542286986 
211 837 -0.38636363636946913 
211 838 0.045454545422870085 
211 839 0.04545454542287031 
211 840 0.045454545422870085 
212 209 0.14285714284071538 
212 212 0.0 
213 209 0.14285714284071527 
213 213 0.0 
214 209 0.14285714284071527 
214 214 0.0 
215 215 0.0 
215 216 0.24999999998872124 
216 215 0.24999999998872124 
216 216 0.0 
216 770 0.24999999997633615 
216 1009 0.24999999997633615 
216 1017 -0.416666666673736 
217 217 0.0 
217 218 -0.33333333334233695 
217 219 -0.3000000000100629 
218 15 -0.5500000000301757 
218 211 -0.6969696970023413 
218 217 -0.33333333334233695 
218 218 0.0 
218 414 -0.5625000000098197 
218 477 0.1666666666482508 
218 478 0.16666666664825058 
219 169 -0.10000000004718324 
219 185 -0.45000000011887864 
219 217 -0.3000000000100629 
219 219 0.0 
219 409 0.19999999997925055 
219 452 -0.32222222276332024 
220 220 0.0 
220 221 0.14285714284626716 
221 220 0.14285714284626716 
221 221 0.0 
221 311 0.14285714284071538 
221 356 -0.6071428571461053 
221 357 0.03571428457938719 
221 358 0.03571428457938708 
221 359 0.14285714284071527 
221 360 0.14285714284071527 
222 42 -0.6616161616519578 
222 61 -0.5388888889786385 
222 222 0.0 
222 397 -0.38888888889582685 
222 398 -0.6013071900489768 
222 399 -0.2916666667892289 
222 400 -0.7013888891226143 
222 401 -0.5277777779002433 
222 402 -0.38888888889582685 
222 403 -0.38888888889582707 
223 61 -0.5500000000161553 
223 223 0.0 
223 341 -0.6750000000023495 
223 696 -0.4500000005318987 
223 734 -0.20000000112782157 
223 774 0.19999999997925044 
224 61 -0.3750000001491547 
224 192 -0.27272727280345554 
224 224 0.0 
224 326 0.035714284568840404 
224 398 -0.11764705886621152 
225 61 -0.4000000000064694 
225 225 0.0 
225 269 -0.2500000000086171 
226 61 -0.40000000000646896 
226 226 0.0 
226 940 0.49999999996157996 
227 61 -0.3500000003138486 
227 227 0.0 
227 771 0.24999999996658773 
228 61 -0.6000000000211378 
228 95 -0.5833333338871682 
228 228 0.0 
228 640 -0.5500000000018033 
228 693 -0.3333333333423367 
228 751 -0.5000000000053608 
228 927 -0.33333333333916926 
229 26 -0.5446428576069211 
229 61 -0.5857142865542642 
229 229 0.0 
229 700 -4.246163420873472e-10 
229 734 -0.5142857147055939 
229 874 -0.35714285715102667 
229 920 0.10714285711115912 
229 921 0.09523809515610715 
230 61 0.09999999998832132 
230 230 0.0 
231 231 0.0 
231 232 0.1249999999853243 
232 9 -0.48750000016065953 
232 83 -0.5625000002716889 
232 133 -0.6019736842220262 
232 154 -0.31250000001335265 
232 158 -0.4431818181911984 
232 231 0.1249999999853243 
232 232 0.0 
232 585 -0.6458333335521407 
232 586 0.12499999998532463 
233 233 0.0 
233 234 0.33333333331549264 
234 233 0.33333333331549264 
234 234 0.0 
234 375 -0.5238095238143972 
234 818 -0.1666666666799932 
235 54 0.19999999997925055 
235 235 0.0 
236 32 -0.3125000000180196 
236 164 0.4999999999545762 
236 236 0.0 
237 237 0.0 
237 238 0.1666666666566503 
237 239 0.49999999973567455 
237 240 0.6666666664290727 
238 141 -0.5555555555596878 
238 237 0.1666666666566503 
238 238 0.0 
238 240 0.1666666666566502 
239 237 0.49999999973567455 
239 239 0.0 
239 240 0.49999999988341703 
240 237 0.6666666664290727 
240 238 0.1666666666566502 
240 239 0.49999999988341703 
240 240 0.0 
241 116 0.11111111109800764 
241 241 0.0 
242 40 0.09999999998832121 
242 242 0.0 
243 243 0.0 
243 244 -0.3571428571510269 
243 245 0.49999999996157996 
244 185 -0.5642857143081907 
244 243 -0.3571428571510269 
244 244 0.0 
244 442 -0.40178571435843224 
244 443 0.14285714284071538 
244 444 0.14285714284071527 
244 445 -0.21428571447978673 
244 446 -0.4642857143329373 
245 243 0.49999999996157996 
245 245 0.0 
246 246 0.0 
246 247 0.33333333330550463 
246 248 -0.5416666666711374 
246 249 -0.41666666667373575 
247 246 0.33333333330550463 
247 247 0.0 
248 211 -0.5909090916510182 
248 246 -0.5416666666711374 
248 248 0.0 
248 284 -0.4875000001071812 
248 472 -0.6750000000023495 
248 593 -0.41666666670971897 
248 681 -0.5357142859922568 
248 859 -0.35416666675508246 
248 874 -0.37500000000749534 
249 19 -0.2500000000086171 
249 246 -0.41666666667373575 
249 249 0.0 
249 788 -0.2500000000114526 
249 897 -0.416666666673736 
250 211 -0.1363636363741958 
250 250 0.0 
250 251 0.49999999973567455 
251 59 -0.3461538462659297 
251 211 -0.19696969698283562 
251 250 0.49999999973567455 
251 251 0.0 
252 92 -0.2500000000114526 
252 252 0.0 
252 253 -0.16666666667792018 
253 252 -0.16666666667792018 
253 253 0.0 
253 345 -0.5666666666705102 
253 649 -0.46666666667226453 
254 56 -0.1666666666799932 
254 254 0.0 
254 640 -0.3000000000069756 
255 210 0.24999999997633615 
255 255 0.0 
256 210 -0.2500000001593039 
256 256 0.0 
256 362 -0.32500000038708077 
256 490 0.24999999997759326 
256 1081 0.24999999997633604 
257 257 0.0 
257 258 0.49999999972581843 
258 257 0.49999999972581843 
258 258 0.0 
258 817 -0.2500000000114526 
259 185 -0.7333333335499033 
259 259 0.0 
259 352 0.11111111109800764 
259 457 0.11111111109800764 
259 458 0.11111111109800786 
259 459 0.11111111109800753 
259 460 0.11111111109800753 
259 461 0.11111111109800775 
259 462 -0.3472222223471588 
259 463 -0.27777777780141366 
260 185 0.09999999998832099 
260 260 0.0 
261 185 0.09999999998832099 
261 261 0.0 
262 185 -0.05000000056114384 
262 262 0.0 
262 264 -0.09615384656147596 
263 185 0.09999999998832132 
263 263 0.0 
264 169 -0.25384615386404663 
264 185 -0.46923076942256814 
264 262 -0.09615384656147596 
264 264 0.0 
264 442 -0.6586538462144604 
264 446 -0.3974358974625456 
264 452 -0.5683760696723397 
264 651 -0.589743589746772 
264 805 0.07692307691495315 
264 873 0.07692307691495304 
264 918 0.07692307691495337 
264 929 -0.42307692308244427 
264 945 -0.5897435897467722 
264 1070 0.07692307691495315 
265 111 -0.5833333333390818 
265 185 -0.7333333333350551 
265 265 0.0 
265 491 -0.16666666702793997 
265 1000 -0.500000000005361 
265 1092 0.1666666666482508 
265 1099 0.16666666664825058 
266 266 0.0 
266 267 0.09999999998832143 
267 127 -0.675000000052848 
267 133 -0.747368421107689 
267 266 0.09999999998832143 
267 267 0.0 
267 286 0.09999999998832121 
267 308 -0.6000000000255521 
267 386 -0.707142857331498 
267 456 0.09999999998832099 
267 752 0.09999999998832099 
267 978 -0.4000000000064694 
267 979 0.09999999998832132 
268 268 0.0 
268 269 0.24999999997633615 
269 225 -0.2500000000086171 
269 268 0.24999999997633615 
269 269 0.0 
269 570 -0.25000000001145284 
269 842 -0.41666666667373575 
270 270 0.0 
270 271 0.24999999998872124 
271 270 0.24999999998872124 
271 271 0.0 
271 402 -0.2500000000086169 
271 571 -0.3750000007274137 
271 572 -0.3333333333862172 
272 83 -0.37500000000749556 
272 272 0.0 
272 273 -1.6895818077955482e-11 
273 200 -0.4500000000046551 
273 272 -1.6895818077955482e-11 
273 273 0.0 
274 274 0.0 
274 275 -0.1666666666799932 
274 276 -0.1666666666779204 
275 107 -0.36111111112979843 
275 274 -0.1666666666799932 
275 275 0.0 
275 468 0.041666666639623706 
276 274 -0.1666666666779204 
276 276 0.0 
276 1078 0.3333333333055045 
276 1086 0.33333333330550463 
277 6 0.12499999998532463 
277 277 0.0 
278 6 0.12499999998532452 
278 278 0.0 
279 6 0.12499999998532452 
279 279 0.0 
280 6 -0.43750000003346234 
280 52 -0.6250000000849902 
280 280 0.0 
280 905 -0.29166666669269303 
280 906 0.24999999997633604 
281 6 0.1249999999853244 
281 281 0.0 
282 6 0.12499999998532463 
282 282 0.0 
283 283 0.0 
283 284 -0.3000000000100629 
283 285 -0.1666666666799932 
284 192 -0.39545454571380323 
284 248 -0.4875000001071812 
284 283 -0.3000000000100629 
284 284 0.0 
284 585 -0.11666666692188388 
284 828 -1.7319035094942592e-11 
285 82 -6.175726596779896e-11 
285 283 -0.1666666666799932 
285 285 0.0 
285 779 -0.10000000004096998 
286 267 0.09999999998832121 
286 286 0.0 
287 79 -0.37500000000749556 
287 287 0.0 
287 288 -1.6896040122560407e-11 
288 287 -1.6896040122560407e-11 
288 288 0.0 
288 882 0.49999999996157996 
289 178 -0.43181818182081355 
289 289 0.0 
289 290 -7.008615909853688e-12 
290 42 -0.5303030309302632 
290 289 -7.008615909853688e-12 
290 290 0.0 
290 436 -0.3333333333718844 
291 291 0.0 
291 292 0.039999999952545884 
292 126 -0.4850000003189292 
292 127 -0.6950000000767267 
292 133 -0.64842105272208 
292 211 -0.6436363642166794 
292 291 0.039999999952545884 
292 292 0.0 
292 310 -0.7100000000013602 
292 345 -0.6200000000517352 
292 420 -0.6300000002112944 
292 464 -0.6266666666685317 
292 500 0.03999999995254577 
292 517 0.039999999952545884 
292 614 -0.7933333333350632 
292 677 -0.460000000001201 
292 703 -0.7150000002763579 
292 735 -0.4400000000024282 
292 857 0.039999999952545884 
292 858 0.03999999995254566 
292 859 -0.3200000000564609 
292 860 0.03999999995254577 
292 861 0.03999999995254577 
292 862 -0.5450000000083117 
292 863 0.03999999995254566 
292 864 -0.7400000000089135 
292 865 0.03999999995254577 
292 866 -0.4600000000046558 
293 133 -0.5657894737046838 
293 190 -0.625000000002758 
293 293 0.0 
293 715 -0.2500000000114526 
293 716 -6.147971021164267e-12 
294 190 0.1249999999853243 
294 294 0.0 
