0 0 0.0 
0 2 0.04999999999057947 
1 1 0.0 
1 3 0.3333333333055044 
1 4 -0.16666666735404756 
1 5 0.1666666666581632 
2 0 0.04999999999057947 
2 2 0.0 
2 8 -0.7750000000289297 
2 10 -0.6636363638620866 
2 11 -0.6166666666689331 
2 13 -0.7138888889117423 
2 14 0.04999999997623217 
2 15 -0.7714285715285183 
2 16 -0.6166666666689329 
2 18 -0.7583333333676703 
2 19 -0.4500000000046549 
2 20 -0.6666666667000327 
2 23 -0.8694444445205884 
2 24 -0.500000000029764 
2 26 0.049999999976231946 
2 27 -0.7000000000216922 
2 28 0.04999999997623217 
2 30 -0.675000000006537 
2 31 -0.45000000000465445 
2 35 -0.7715517242011907 
2 36 -0.5666666666737226 
3 1 0.3333333333055044 
3 3 0.0 
4 1 -0.16666666735404756 
4 4 0.0 
4 6 -0.5000000000056279 
4 42 -0.416666666966361 
4 43 0.24999999997633604 
5 1 0.1666666666581632 
5 5 0.0 
5 42 -0.16666666668277408 
6 4 -0.5000000000056279 
6 6 0.0 
6 44 -0.7065217391321625 
6 45 -0.625000000034535 
6 47 -0.5138888889074344 
7 7 0.0 
7 50 -0.466666666672265 
7 51 -0.1666666666799932 
7 52 -0.5000000000046982 
8 2 -0.7750000000289297 
8 8 0.0 
8 53 -0.5807692308228789 
8 54 -0.7095238096112437 
8 57 -0.4000000000064692 
8 59 -0.4000000000064692 
8 60 -0.7333333333352856 
8 62 -0.5666666667411366 
8 70 -0.5681818184934853 
8 71 -0.7333333333352856 
8 75 -0.4000000000064692 
9 9 0.0 
9 76 -0.400000000003389 
9 79 -0.38888888889270357 
10 2 -0.6636363638620866 
10 10 0.0 
10 80 -0.7012987013723959 
10 81 -0.7424242427241401 
10 82 -0.40909090909697854 
10 83 -0.4090909090969783 
10 84 -0.7070707070943654 
10 85 -0.5227272727354231 
10 86 0.09090909089870935 
10 87 -0.4090909090969783 
10 88 -0.6969696973600303 
10 89 -0.6636363636846228 
11 2 -0.6166666666689331 
11 11 0.0 
11 92 -0.1666666666799932 
11 93 0.33333333330550463 
12 12 0.0 
12 35 -0.8477011495848452 
12 94 -0.7916666669371808 
12 96 -0.7142857147978683 
12 97 -0.5416666666730863 
12 98 0.08333333332413417 
12 99 -0.666666666780787 
12 101 0.0833333333241344 
12 102 -0.4166666666724306 
12 103 0.08333333332413417 
12 106 -0.6666666666691912 
12 108 -0.6071428574572246 
12 110 0.0833333333241344 
13 2 -0.7138888889117423 
13 13 0.0 
13 112 -0.22222222235412215 
13 113 -0.4222222232770936 
13 114 -0.3125000000348732 
13 115 -0.8174603174745605 
13 117 -0.6666666667958372 
13 121 -0.38888888889582685 
13 126 -0.4777777794761191 
13 127 0.11111111109800764 
14 2 0.04999999997623217 
14 14 0.0 
15 2 -0.7714285715285183 
15 15 0.0 
15 135 -0.6380952380969602 
15 136 -0.7071428571520775 
15 139 -0.6357142857814004 
15 140 -0.7476190476480404 
15 142 -0.47142857143794026 
15 143 -0.721428571431586 
15 144 -0.4714285714379405 
15 146 -0.8047619047662706 
15 147 -0.7214285714315851 
15 148 0.028571428503498364 
15 149 -0.5952380952548002 
15 152 -0.5952380952588792 
15 154 -0.8047619047662711 
15 156 -0.63809523809696 
15 157 -0.7285714286375786 
15 158 -0.6380952380969598 
15 160 -0.7571428571485654 
15 161 0.028571428503498142 
15 162 -0.707142857152077 
15 164 -0.6095238095366491 
15 166 -0.8517857143434215 
15 167 -0.8047619047662713 
15 170 -0.44285714286235756 
15 173 -0.47142857143794004 
15 174 -0.7428571428673316 
15 175 0.028571428503498475 
15 176 -0.7071428571520775 
15 178 -0.6095238095360735 
15 180 -0.6357142857568179 
15 182 -0.7142857143307921 
15 183 -0.4714285714379405 
15 184 -0.6214285715038899 
15 185 -0.7746031746128612 
15 186 0.028571428503498364 
16 2 -0.6166666666689329 
16 16 0.0 
16 188 -0.41666666667351815 
16 189 -0.1666666666799932 
17 17 0.0 
17 192 0.9999999999267714 
18 2 -0.7583333333676703 
18 18 0.0 
18 194 0.16666666664825047 
18 195 -0.5833333338871689 
18 197 0.16666666664825058 
18 199 0.1666666666482508 
18 200 -0.33333333334233695 
19 2 -0.4500000000046549 
19 19 0.0 
19 203 0.49999999996157996 
20 2 -0.6666666667000327 
20 20 0.0 
20 22 -0.4333333333384761 
20 35 -0.813793103458301 
20 85 -0.516666666837829 
20 119 -0.6261904762183803 
20 120 -0.5500000000321414 
20 124 -0.5666666666719513 
20 150 -0.36666666667193804 
20 179 -0.5500000001015879 
20 206 -0.4333333333384761 
20 207 0.06666666666038634 
20 210 -0.43333333333847657 
20 211 -0.43333333333847657 
20 212 0.06666666666038634 
20 213 -0.400000000272664 
21 21 0.0 
21 215 -1.6895818077955482e-11 
21 216 0.49999999996157996 
22 20 -0.4333333333384761 
22 22 0.0 
22 219 0.49999999996157996 
23 2 -0.8694444445205884 
23 23 0.0 
23 220 0.055555555538098766 
23 221 0.05555555553809899 
23 222 -0.6111111111135845 
23 223 0.05555555553809899 
23 224 -0.4444444444492277 
23 225 0.05555555553809888 
23 227 0.05555555553809888 
23 228 -0.7444444444459033 
23 229 0.0555555555380991 
23 230 0.05555555553809921 
23 231 -0.7666666666765622 
23 233 -0.38888888889367523 
23 235 -0.6111111111135843 
23 236 0.0555555555380991 
23 237 -0.7166666666861041 
23 238 0.0555555555380991 
23 239 -0.7182539682596936 
24 2 -0.500000000029764 
24 24 0.0 
24 35 -0.5818965517284069 
24 240 -0.5000000000056277 
24 241 0.24999999997633604 
25 25 0.0 
25 125 -0.4500000003067235 
25 242 -0.6071428575570126 
25 244 -0.593750000034843 
25 246 -0.6250000000033307 
25 247 -0.3500000000845478 
25 248 -0.2500000000077629 
25 249 -9.347236318291152e-10 
25 250 -0.37500000000749556 
26 2 0.049999999976231946 
26 26 0.0 
27 2 -0.7000000000216922 
27 27 0.0 
27 214 -0.6500000001160511 
27 253 -0.20000000000489448 
27 255 0.19999999997925055 
27 256 0.19999999997925044 
28 2 0.04999999997623217 
28 28 0.0 
29 29 0.0 
29 258 0.9999999999267714 
30 2 -0.675000000006537 
30 30 0.0 
30 198 -0.34722222223067867 
30 259 -6.175704392319403e-11 
30 262 0.24999999997633604 
31 2 -0.45000000000465445 
31 31 0.0 
31 263 -1.6896040122560407e-11 
32 32 0.0 
32 35 -0.45689655173134325 
32 265 -1.7659491646782044e-09 
33 33 0.0 
33 268 -8.797207406985308e-11 
33 270 -0.466666666672265 
33 272 0.16666666665816277 
34 34 0.0 
34 231 -0.550000000039119 
34 273 0.24999999997633615 
34 275 -0.6071428571461048 
34 276 -0.16666666669429908 
35 2 -0.7715517242011907 
35 12 -0.8477011495848452 
35 20 -0.813793103458301 
35 24 -0.5818965517284069 
35 32 -0.45689655173134325 
35 35 0.0 
35 88 -0.8132183912862789 
35 139 -0.672413793180892 
35 172 -0.4655172413848945 
35 187 0.01724137924267366 
35 279 -0.48275862074247167 
35 282 -0.4827586207424712 
35 285 -0.4741379310378815 
35 286 0.017241379242673438 
35 287 -0.47413793103788193 
35 288 0.01724137924267377 
35 290 -0.6280788180799315 
35 292 -0.439655172495526 
35 293 0.01724137924267377 
35 296 0.017241379242673105 
35 297 0.017241379242673105 
35 298 0.01724137924267377 
35 300 0.01724137924267355 
35 301 -0.456896551731343 
35 302 -0.4827586207424712 
35 306 -0.5977011494619071 
35 307 -0.48275862074247167 
35 308 -0.8140394088714356 
35 309 -0.21551724138602557 
35 311 -0.48275862074247167 
35 313 -0.46551724140367146 
35 318 -0.8137931034967614 
35 323 -0.4741379310378817 
35 324 0.017241379242672994 
35 325 0.017241379242673216 
35 327 -0.5732758620874647 
35 329 -0.4741379310378817 
35 331 -0.4568965517318708 
35 333 -0.6396551725908506 
35 334 0.017241379242673105 
35 335 -0.5560344827850752 
35 336 -0.48275862074247144 
35 337 -0.7241379310623626 
35 338 -0.6494252873716306 
35 340 -0.48275862074247144 
35 341 -0.4827586207424719 
35 343 0.017241379242673105 
35 345 0.01724137924267377 
35 347 0.01724137924267377 
35 348 -0.46551724138489425 
35 349 -0.7155172414423143 
35 350 -0.45689655173134325 
35 351 0.017241379242673327 
35 353 -0.45689655177403266 
35 354 0.01724137924267355 
35 355 -0.48275862074247144 
35 356 -0.48275862074247144 
35 358 -0.6465517242330097 
35 359 -0.8113026820226512 
36 2 -0.5666666666737226 
36 36 0.0 
36 46 -0.6140350877206735 
36 360 -0.35714285716210203 
37 37 0.0 
37 363 -0.6071428571464843 
37 366 0.14285714284071527 
37 367 0.14285714284071538 
37 368 0.14285714284071516 
37 370 -0.35714285715102667 
37 372 -0.5238095238143972 
37 373 0.14285714284071527 
38 38 0.0 
38 45 -0.7959677420872915 
38 67 -0.7782258065169381 
38 105 -0.7177419354849524 
38 320 0.032258064453098645 
38 376 -0.6870967747098935 
38 377 0.03225806445309898 
38 378 0.032258064453098756 
38 380 -0.6021505376378207 
38 381 0.032258064453098756 
38 382 -0.4677419354890231 
38 383 0.032258064453098645 
38 384 0.03225806445309898 
38 386 -0.6693548387556336 
38 388 0.032258064453098534 
38 389 0.03225806445309898 
38 390 0.032258064453098645 
38 392 0.03225806445309887 
38 393 0.032258064453098645 
38 395 0.032258064453098645 
38 398 -0.5120967742248892 
38 400 -0.4516129032290397 
38 401 -0.4677419354890231 
38 402 0.03225806445309898 
38 404 -0.4516129032290399 
38 406 -0.4677419354890229 
38 407 -0.4677419354890229 
38 409 0.032258064453098756 
38 410 -0.5860215053906621 
38 411 0.032258064453098756 
38 412 -0.46774193548902243 
38 414 0.032258064453098756 
39 39 0.0 
39 416 -0.1666666666799932 
39 417 -0.5897435897454752 
39 419 -0.1666666666799932 
40 40 0.0 
40 372 -0.3333333333420525 
40 374 0.3333333333055045 
40 421 0.33333333330550463 
41 41 0.0 
41 53 -0.7032967033154707 
41 422 -0.45238095239434495 
41 427 0.14285714284071538 
41 428 0.14285714284071516 
41 429 -0.4142857144567187 
41 434 -0.6071428571610666 
41 435 0.14285714284071527 
42 4 -0.416666666966361 
42 5 -0.16666666668277408 
42 42 0.0 
42 338 -0.5000000000053606 
42 439 -0.33333333334233695 
42 440 0.1666666666482508 
42 441 -0.6333333333365667 
43 4 0.24999999997633604 
43 43 0.0 
44 6 -0.7065217391321625 
44 44 0.0 
44 228 -0.6913043478558856 
44 417 -0.8411371239152219 
44 424 -0.45652173913503913 
44 444 -0.45652173913503913 
44 445 0.04347826083165418 
44 447 -0.4347826086982203 
44 449 -0.7065217391319121 
44 450 -0.413043478265974 
44 451 -0.6811594204027878 
44 454 0.0434782608316544 
44 459 -0.45652173913503935 
44 460 0.04347826083165418 
44 462 -0.45652173913503913 
44 463 0.04347826083165418 
44 473 0.04347826083165418 
44 476 -0.536231884091078 
44 478 -0.6014492753657463 
44 482 0.04347826083165418 
44 483 0.0434782608316544 
44 484 0.043478260831654514 
44 486 -0.413043478265974 
44 488 0.04347826083165418 
45 6 -0.625000000034535 
45 38 -0.7959677420872915 
45 45 0.0 
45 349 -0.7333333334059875 
45 489 0.04999999997623206 
45 490 -0.7821428571475959 
45 491 -0.5916666666707651 
45 493 0.049999999976231946 
45 494 -0.4500000000046547 
45 496 -0.6250000000192992 
45 498 0.04999999997623228 
45 500 -0.5916666666707646 
45 501 -0.6166666666689324 
45 503 0.04999999997623217 
45 504 0.049999999976231946 
45 505 -0.4500000000046549 
45 507 -0.7000000000016817 
45 508 0.04999999997623217 
45 509 0.04999999997623206 
45 511 -0.5916666666707648 
45 513 -0.7583333333676705 
46 36 -0.6140350877206735 
46 46 0.0 
46 79 -0.8362573099465704 
46 291 -0.34210526318161616 
46 518 0.05263157892664905 
46 519 -0.5877192982499262 
46 520 0.05263157892664905 
46 522 -0.4473684210573403 
46 523 -0.1447368421094397 
46 524 0.05263157892664905 
46 525 0.05263157892664905 
46 526 0.052631578926648936 
46 527 -0.4210526315817569 
46 529 -0.6710526315858849 
46 530 0.05263157892664905 
46 532 -0.618421052739694 
46 533 0.05263157892664916 
46 534 0.05263157892664927 
46 536 -0.6140350877216643 
46 537 -0.39473684227693395 
47 6 -0.5138888889074344 
47 47 0.0 
47 53 -0.7350427350484412 
47 67 -0.597222222300559 
47 247 -0.5777777778739013 
47 539 -0.29166666743994707 
47 540 0.11111111109800753 
47 541 -0.5222222222471922 
47 542 0.027777777754290023 
47 544 -0.3541666667877186 
48 48 0.0 
48 546 -0.25000000000861666 
48 552 -1.6896040122560407e-11 
49 49 0.0 
49 554 0.9999999999267714 
50 7 -0.466666666672265 
50 50 0.0 
50 130 -0.6333333333364832 
50 228 -0.6000000000038337 
50 556 -0.3000000000100629 
50 558 0.19999999997925044 
51 7 -0.1666666666799932 
51 51 0.0 
51 559 -1.6896040122560407e-11 
52 7 -0.5000000000046982 
52 52 0.0 
52 204 -0.3666666669449703 
52 561 0.16666666664825036 
52 562 0.16666666664825058 
52 565 -0.3333333333423367 
52 566 -0.29166666675495323 
53 8 -0.5807692308228789 
53 41 -0.7032967033154707 
53 47 -0.7350427350484412 
53 53 0.0 
53 70 -0.503496504224997 
53 79 -0.7735042735077395 
53 215 -0.4230769230824447 
53 567 -0.4923076923994323 
53 568 -0.5538461540020154 
53 571 -0.057692307705907275 
53 572 -0.42307692308244427 
53 573 0.07692307691495293 
53 574 -0.1923076924969298 
53 576 -0.5576923076982456 
54 8 -0.7095238096112437 
54 54 0.0 
54 116 -0.666666666714703 
54 179 -0.559523809975677 
54 348 -0.4047619047662736 
54 451 -0.5357142859267638 
54 476 -0.4761904762713378 
54 568 -0.6380952385149266 
54 577 -0.5476190476282312 
54 579 -0.6857142864932739 
54 580 -0.15476190476607288 
54 583 -0.4523809523855724 
54 584 -0.607142857188979 
54 585 -0.40476190476627383 
54 586 0.04761904759222646 
54 587 -0.45238095238557263 
54 588 -0.45238095238557285 
54 589 0.04761904759222624 
54 591 0.047619047592226016 
54 593 -0.6547619047726319 
54 595 0.047619047592226016 
54 596 -0.3571428571505719 
55 55 0.0 
55 599 -0.46666666667263 
55 600 -0.7000000000019204 
55 602 -0.6000000000038337 
55 605 -0.550000000004718 
55 607 -0.5500000000047178 
56 56 0.0 
57 8 -0.4000000000064692 
57 57 0.0 
57 610 0.49999999996157996 
58 58 0.0 
58 612 -0.33333333334205273 
58 613 0.3333333333055045 
58 614 0.33333333330550463 
59 8 -0.4000000000064692 
59 59 0.0 
59 615 0.49999999996157996 
60 8 -0.7333333333352856 
60 60 0.0 
60 619 0.16666666664825047 
60 624 -0.5000000000053608 
60 625 -0.5833333333373456 
60 626 -0.6333333333365669 
60 627 0.16666666664825058 
61 61 0.0 
61 96 0.04761904759222624 
62 8 -0.5666666667411366 
62 62 0.0 
62 568 -0.5666666666714608 
62 631 -0.5576923077072744 
62 632 0.16666666664825058 
62 634 -0.1666666667009966 
62 637 -0.4166666666805301 
63 63 0.0 
63 115 -0.19285714286260291 
63 639 0.41666666659884133 
64 64 0.0 
64 185 -0.5606060610037962 
64 405 -0.5303030309302637 
64 417 -0.7552447554860156 
64 567 -0.5272727272893074 
64 568 -0.6636363636469036 
64 640 -0.4090909090969781 
64 641 -0.6136363636593067 
64 643 0.09090909089870935 
64 644 -0.4090909090969783 
64 645 -0.06818181866077322 
64 646 0.09090909089870935 
65 65 0.0 
66 66 0.0 
66 247 -0.6888888889249962 
66 369 -0.8194444444462303 
66 405 -0.5833333333636714 
66 635 -0.38888888889367523 
66 648 -0.8333333333391375 
66 651 -0.6111111111135847 
66 653 0.05555555553809888 
66 655 0.05555555553809888 
66 659 0.05555555553809899 
66 662 -0.1388888892652531 
66 667 0.05555555553809921 
66 668 -0.4444444444492279 
66 670 -0.13888888926525245 
66 672 0.05555555553809899 
66 673 -0.4166666666695338 
66 675 0.05555555553809921 
66 676 0.0555555555380991 
66 677 -0.5833333333378641 
67 38 -0.7782258065169381 
67 47 -0.597222222300559 
67 67 0.0 
67 128 -0.7500000000384484 
67 214 -0.6125000000155449 
67 441 -0.6125000000757856 
67 680 -0.4791666666789265 
67 681 -0.4791666666789265 
67 682 -0.5416666666711372 
68 68 0.0 
69 69 0.0 
70 8 -0.5681818184934853 
70 53 -0.503496504224997 
70 70 0.0 
70 117 -0.6060606063937324 
70 417 -0.7167832169257089 
70 574 -0.39772727273259734 
70 690 -0.4090909090969781 
70 693 -0.6590909090935939 
70 694 0.09090909089870935 
70 697 -0.4090909090969783 
70 698 0.09090909089870924 
70 699 0.09090909089870935 
71 8 -0.7333333333352856 
71 71 0.0 
71 700 0.16666666664825047 
71 701 -0.33333333334233695 
71 704 0.16666666664825058 
71 706 0.1666666666482508 
71 707 0.16666666664825058 
72 72 0.0 
72 275 -0.5238095238143972 
72 709 0.3333333333055045 
72 710 -0.1666666666799932 
73 73 0.0 
73 715 0.49999999996157984 
73 716 0.49999999996157996 
74 74 0.0 
74 718 -0.46666666667263 
74 719 0.19999999997925055 
74 720 -0.46666666667263 
74 721 0.19999999997925055 
74 722 -0.3000000000100631 
75 8 -0.4000000000064692 
75 75 0.0 
75 724 -1.6896040122560407e-11 
76 9 -0.400000000003389 
76 76 0.0 
76 80 -0.7571428571658854 
76 133 -0.4666666666790453 
76 434 -0.7750000000014727 
76 685 -0.5666666666705098 
76 727 0.09999999998832121 
76 728 -0.650000000002867 
76 729 -0.4000000000064694 
76 730 -0.5666666666705102 
76 734 0.09999999998832132 
77 77 0.0 
77 736 0.9999999999267714 
78 78 0.0 
78 739 0.3333333333055044 
78 740 0.3333333333055045 
78 741 0.33333333330550463 
79 9 -0.38888888889270357 
79 46 -0.8362573099465704 
79 53 -0.7735042735077395 
79 79 0.0 
79 513 -0.6666666667958367 
79 743 -0.6388888888919693 
79 744 0.11111111109800753 
79 745 0.11111111109800775 
79 746 0.11111111109800775 
79 747 0.11111111109800764 
80 10 -0.7012987013723959 
80 76 -0.7571428571658854 
80 80 0.0 
80 214 -0.7571428571549728 
80 278 -0.7142857144314658 
80 359 -0.6746031748621502 
80 624 -0.5238095238198697 
80 748 -0.3571428571483217 
80 749 -0.5595238095294108 
80 751 -0.5238095238198697 
80 754 -0.3928571431361725 
80 755 0.07142857142142 
80 756 -0.642857142871675 
80 757 0.07142857142142 
80 758 -0.5952380952411065 
81 10 -0.7424242427241401 
81 81 0.0 
81 114 -0.5000000000217522 
81 244 -0.541666666745793 
81 261 0.0833333333241344 
81 760 -0.541666666799824 
81 762 -0.4166666666724306 
81 763 -0.4166666666724308 
81 765 0.08333333332413406 
81 766 -0.6607142865356272 
81 768 -0.45833333337941307 
81 769 -0.6250000000203857 
81 770 -0.583333333336709 
82 10 -0.40909090909697854 
82 82 0.0 
82 771 -0.1666666666779204 
83 10 -0.4090909090969783 
83 83 0.0 
83 773 0.49999999996157996 
84 10 -0.7070707070943654 
84 84 0.0 
84 164 -0.5000000000106848 
84 544 -0.7083333333672699 
84 548 -0.7638888888985635 
84 625 -0.6388888888919688 
84 714 -0.6388888888919688 
84 774 -0.5555555555596876 
84 778 0.11111111109800775 
84 779 -0.38888888889582707 
85 10 -0.5227272727354231 
85 20 -0.516666666837829 
85 85 0.0 
85 185 -0.4166666671197743 
85 205 0.24999999997633604 
86 10 0.09090909089870935 
86 86 0.0 
87 10 -0.4090909090969783 
87 87 0.0 
87 780 -1.6896040122560407e-11 
88 10 -0.6969696973600303 
88 35 -0.8132183912862789 
88 88 0.0 
88 260 -0.6333333334242914 
88 550 -0.5416666676688553 
88 783 -0.5892857149126538 
88 785 -0.33333333333927273 
88 787 -0.3750000002939564 
88 788 -0.3333333335470343 
88 789 -0.6666666666691912 
88 790 0.08333333332413417 
88 791 0.08333333332413406 
88 792 -0.4166666666724308 
89 10 -0.6636363636846228 
89 89 0.0 
89 122 -0.3428571429066132 
89 169 -0.4142857142958414 
89 181 0.19999999997925055 
89 795 0.19999999997925044 
90 90 0.0 
90 797 -0.5500000000046017 
90 798 -0.2500000000114524 
90 799 0.24999999997633615 
90 801 0.24999999997633604 
91 91 0.0 
92 11 -0.1666666666799932 
92 92 0.0 
92 690 -1.6895818077955482e-11 
93 11 0.33333333330550463 
93 93 0.0 
94 12 -0.7916666669371808 
94 94 0.0 
94 344 -0.66071428575072 
94 447 -0.42500000000275096 
94 511 -0.5166666666764814 
94 551 -0.7083333333491537 
94 681 -0.5666666666737223 
94 805 -0.5166666666764819 
94 808 0.04999999997623217 
94 809 0.04999999997623239 
94 815 0.04999999997623228 
94 816 0.04999999997623217 
94 819 -0.5750000000595219 
94 821 -0.5916666666707646 
94 822 -0.6166666666689324 
94 823 0.04999999997623206 
94 824 -0.575000000047289 
94 827 -0.35000000031576395 
94 828 -0.7250000000111791 
94 829 -0.6166666666689327 
94 831 0.04999999997623217 
95 95 0.0 
95 278 -0.6071428571464843 
95 832 -0.2500000000114524 
95 838 -0.2500000000114526 
95 840 0.24999999997633604 
96 12 -0.7142857147978683 
96 61 0.04761904759222624 
96 96 0.0 
96 231 -0.7071428572261429 
96 359 -0.6984126984344847 
96 376 -0.6095238105166825 
96 648 -0.6488095238836717 
96 723 -0.4523809523855724 
96 841 -0.4047619049387472 
96 843 -0.5809523810019304 
96 844 0.04761904759222613 
96 847 -0.4523809523855724 
96 848 0.047619047592225905 
96 849 -0.4523809523855724 
96 851 -0.42857142857412134 
96 853 0.04761904759222613 
96 854 0.04761904759222624 
96 855 -0.4523809523855724 
96 856 0.047619047592226016 
96 858 -0.4523809523855724 
96 860 0.047619047592226016 
96 861 0.04761904759222624 
97 12 -0.5416666666730863 
97 97 0.0 
97 725 -0.3333333333420525 
97 864 -0.41666666668456376 
98 12 0.08333333332413417 
98 98 0.0 
99 12 -0.666666666780787 
99 99 0.0 
99 359 -0.6388888889331423 
99 406 -0.3750000000074958 
99 867 -0.37500000000749556 
99 868 -0.37500000000749556 
99 869 0.1249999999853243 
99 871 0.1249999999853244 
99 873 0.12499999998532463 
100 100 0.0 
100 417 0.07692307691495315 
101 12 0.0833333333241344 
101 101 0.0 
102 12 -0.4166666666724306 
102 102 0.0 
102 874 0.49999999996157996 
103 12 0.08333333332413417 
103 103 0.0 
104 104 0.0 
104 876 -0.3000000000069756 
104 878 0.49999999996157996 
105 38 -0.7177419354849524 
105 105 0.0 
105 316 -0.2500000000114524 
105 879 0.24999999997633615 
105 880 0.24999999997633604 
106 12 -0.6666666666691912 
106 106 0.0 
106 882 -0.550000000004601 
106 884 0.24999999997633615 
106 885 0.24999999997633604 
107 107 0.0 
107 135 -0.3333333333420525 
107 886 -0.3333333333420523 
107 889 0.33333333330550463 
108 12 -0.6071428574572246 
108 108 0.0 
108 145 -0.5357142857505148 
108 231 -0.6571428571709086 
108 327 -0.3928571434255905 
108 648 -0.6071428572768873 
108 893 0.14285714284071527 
108 895 -0.3571428571510269 
109 109 0.0 
109 490 -0.6571428571458005 
109 900 0.19999999997925055 
109 901 -0.5500000000047183 
109 902 -0.550000000004718 
109 904 0.19999999997925044 
110 12 0.0833333333241344 
110 110 0.0 
111 111 0.0 
111 909 -0.16666666667792018 
111 910 0.49999999996157996 
112 13 -0.22222222235412215 
112 112 0.0 
112 113 -0.16666666726470192 
112 114 -0.14583333355648187 
112 120 -0.08333333394589681 
112 129 -0.7083333333354496 
112 191 -0.4062500001647238 
113 13 -0.4222222232770936 
113 112 -0.16666666726470192 
113 113 0.0 
113 119 -0.4642857143254371 
113 120 -0.2666666666819495 
113 182 -0.6357142865226626 
113 244 -0.41875000001817275 
113 360 -0.43571428587815175 
113 623 0.09999999998832099 
113 913 0.09999999998832121 
113 914 0.09999999998832132 
114 13 -0.3125000000348732 
114 81 -0.5000000000217522 
114 112 -0.14583333355648187 
114 114 0.0 
114 191 -0.3750000000361662 
114 244 -0.2500000018752013 
114 892 -0.2500000000077627 
114 916 -0.1458333333783779 
114 917 -0.3541666668168175 
115 13 -0.8174603174745605 
115 63 -0.19285714286260291 
115 115 0.0 
115 166 -0.8232142858531835 
115 275 -0.7285714285880074 
115 277 -0.4285714285952591 
115 465 0.028571428503498475 
115 469 -0.7071428571520775 
115 527 -0.4571428571462872 
115 564 -0.24761904763034037 
115 566 -0.5392857143161212 
115 639 -0.4142857143154739 
115 902 -0.7214285714315853 
115 918 -0.7071428571448077 
115 919 -0.47142857143794026 
115 920 -0.47142857143794004 
115 921 0.028571428503498142 
115 922 -0.4714285714379405 
115 923 0.028571428503498142 
115 924 -0.47142857143794004 
115 925 0.028571428503498142 
115 926 0.028571428503498475 
115 927 -0.4571428571462872 
115 928 0.028571428503498142 
115 931 0.028571428503498142 
115 935 -0.17857142858080732 
115 936 0.028571428503498142 
115 938 -0.47142857143794004 
115 939 0.028571428503498364 
115 941 0.02857142850349803 
115 942 -0.47142857143794004 
115 943 -0.47142857143794004 
115 944 0.028571428503498364 
115 946 -0.47142857143794026 
115 947 -0.47142857143794004 
115 948 0.028571428503498364 
116 54 -0.666666666714703 
116 116 0.0 
116 244 -0.6145833343068663 
116 603 -0.3333333333647417 
116 950 -0.33333333334233695 
116 952 -0.3333333333469426 
116 953 -0.2500000003930758 
117 13 -0.6666666667958372 
117 70 -0.6060606063937324 
117 117 0.0 
117 818 -0.5833333338871682 
117 954 -0.33333333334233695 
117 959 -0.500000000005361 
117 960 -0.4166666666805301 
118 118 0.0 
118 369 -0.5347222231558233 
118 581 -0.583333333361874 
118 674 -0.38888888889582685 
118 918 -0.6388888888912465 
118 963 -0.4444444444679263 
118 964 0.11111111109800753 
118 965 -0.27777777791704983 
118 967 0.11111111109800775 
118 968 -0.38888888889582707 
119 20 -0.6261904762183803 
119 113 -0.4642857143254371 
119 119 0.0 
119 120 -0.30952380954346204 
119 234 -0.5214285723167436 
119 244 -0.48214285739585394 
119 363 -0.48214285718107064 
119 766 -0.5357142859319293 
119 782 -0.5571428571862171 
119 797 -0.7285714285732274 
119 971 -0.559523809529411 
119 972 -0.6071428575017213 
119 973 -0.32142857144620396 
119 974 0.07142857142142 
119 976 0.07142857142142012 
120 20 -0.5500000000321414 
120 112 -0.08333333394589681 
120 113 -0.2666666666819495 
120 119 -0.30952380954346204 
120 120 0.0 
120 876 -0.550000000283311 
120 918 -0.2916666666971284 
121 13 -0.38888888889582685 
121 121 0.0 
121 981 -0.2500000000086171 
122 89 -0.3428571429066132 
122 122 0.0 
122 124 -0.45238095240282084 
122 169 -0.4285714286025979 
122 188 -0.607142857146105 
122 244 -0.7321428572996385 
122 938 -0.3571428571510269 
122 982 -0.3571428571510269 
123 123 0.0 
123 985 -0.1666666666799932 
123 986 -0.1666666666799932 
123 987 0.33333333330550463 
124 20 -0.5666666666719513 
124 122 -0.45238095240282084 
124 124 0.0 
124 988 -0.3333333333420525 
125 25 -0.4500000003067235 
125 125 0.0 
125 469 -0.22500000015029453 
125 609 -0.4076923085914683 
125 677 -0.36666666668347636 
125 990 -0.46666666667263024 
126 13 -0.4777777794761191 
126 126 0.0 
126 128 -0.7250000000198842 
126 166 -0.643750000185225 
126 594 -0.3000000000100629 
126 991 0.19999999997925044 
127 13 0.11111111109800764 
127 127 0.0 
128 67 -0.7500000000384484 
128 126 -0.7250000000198842 
128 128 0.0 
128 145 -0.6750000000065373 
128 222 -0.6166666666679812 
128 259 -0.5916666666958657 
128 318 -0.6000000000462331 
128 344 -0.6821428574071253 
128 568 -0.8000000000904817 
128 581 -0.6750000000065368 
128 609 -0.809615384630682 
128 824 -0.5833333338122988 
128 868 -0.4500000000046547 
128 917 -0.30000000004598526 
128 993 0.049999999976231946 
128 994 -0.4500000000046549 
128 999 -0.6166666666689327 
128 1000 -0.7250000000111796 
128 1001 -0.3500000000154748 
128 1003 0.04999999997623217 
128 1005 -0.6166666666689324 
129 112 -0.7083333333354496 
129 129 0.0 
129 130 -0.645833333345645 
129 1006 -0.2500000000267062 
129 1009 -0.7500000000017479 
129 1011 -0.5416666666711372 
129 1012 -0.3125000001570313 
129 1013 -0.5000000003384473 
129 1015 -0.6250000008549343 
130 50 -0.6333333333364832 
130 129 -0.645833333345645 
130 130 0.0 
130 531 0.16666666664825036 
130 1016 -0.666666666669411 
130 1017 -0.5833333333373456 
130 1018 -0.66666666667097 
131 131 0.0 
131 281 -0.5500000000046013 
131 360 -0.4642857143361443 
131 911 -0.16666666669429953 
131 1006 -0.41666666667351837 
132 132 0.0 
132 137 -0.722222222224123 
132 641 -0.5833333333371753 
132 1020 0.16666666664825036 
132 1021 0.16666666664825058 
132 1023 -0.3333333333423367 
132 1024 -0.33333333334233695 
133 76 -0.4666666666790453 
133 133 0.0 
133 278 -0.3809523809817714 
133 1025 -0.33333333334205273 
134 134 0.0 
134 784 -0.2500000000086171 
134 1027 -0.1666666666779204 
135 15 -0.6380952380969602 
135 107 -0.3333333333420525 
135 135 0.0 
135 1029 -0.1666666666799932 
136 15 -0.7071428571520775 
136 136 0.0 
136 213 -0.12500000000562794 
136 1030 -0.2500000000114526 
136 1031 0.24999999997633604 
137 132 -0.722222222224123 
137 137 0.0 
137 166 -0.7013888889258375 
137 182 -0.5793650797827039 
137 639 -0.4444444444996134 
137 1015 -0.6388888889834559 
137 1034 -0.5000000000106843 
137 1035 -0.638888888891969 
137 1037 -0.6111111111918115 
137 1038 -0.555555555559688 
138 138 0.0 
138 315 -0.4000000000033892 
138 1041 -0.1666666666779204 
139 15 -0.6357142857814004 
139 35 -0.672413793180892 
139 139 0.0 
139 1042 -0.2500000011167418 
139 1043 -0.12500000000562772 
140 15 -0.7476190476480404 
140 140 0.0 
140 318 -0.20000000002087348 
140 1037 -0.25000000029707037 
140 1045 -0.5500000002833105 
140 1046 -0.3333333337558102 
140 1047 -0.2083333333425692 
141 141 0.0 
142 15 -0.47142857143794026 
142 142 0.0 
142 1049 0.49999999996157996 
143 15 -0.721428571431586 
143 143 0.0 
143 1050 -0.2500000000114524 
143 1051 -0.41666666667373553 
143 1052 0.24999999997633604 
144 15 -0.4714285714379405 
144 144 0.0 
144 1009 -0.37500000000433653 
145 108 -0.5357142857505148 
145 128 -0.6750000000065373 
145 145 0.0 
145 1054 -0.5000000000097358 
145 1057 -0.416666666673736 
146 15 -0.8047619047662706 
146 146 0.0 
146 495 -0.46666666697236536 
146 512 -0.4166666666805301 
146 720 -0.5000000000053608 
146 785 -0.16666666667721453 
146 1061 -0.2500000003930758 
147 15 -0.7214285714315851 
147 147 0.0 
147 551 -0.5833333333371751 
147 1067 -0.5500000000046015 
147 1068 0.24999999997633604 
148 15 0.028571428503498364 
148 148 0.0 
149 15 -0.5952380952548002 
149 149 0.0 
149 198 -0.38888888897947815 
149 988 -0.33333333334205273 
150 20 -0.36666666667193804 
150 150 0.0 
150 191 -0.281250000016517 
151 151 0.0 
151 766 -0.3571428571510269 
151 1074 -1.6895818077955482e-11 
152 15 -0.5952380952588792 
152 152 0.0 
152 972 -0.3095238099897435 
152 1075 -0.333333333371884 
153 153 0.0 
154 15 -0.8047619047662711 
154 154 0.0 
154 232 -0.4166666667732355 
154 782 -0.550000000283311 
154 962 -0.5833333333373456 
154 1076 -0.3333333333423367 
154 1077 0.16666666664825058 
155 155 0.0 
155 490 -0.3571428571510269 
155 1044 -1.6895818077955482e-11 
156 15 -0.63809523809696 
156 156 0.0 
156 733 0.3333333333055045 
156 959 -0.3333333333420525 
157 15 -0.7285714286375786 
157 157 0.0 
157 163 -0.48571428740677924 
157 360 -0.35714285756240205 
157 730 -0.3809523810452953 
157 911 -0.38095238096469486 
157 1078 -0.6190476190566405 
157 1080 -0.3571428571510269 
158 15 -0.6380952380969598 
158 158 0.0 
158 1082 -0.1666666666799932 
158 1083 -0.1666666666799932 
159 159 0.0 
159 1084 -0.5000000000056275 
159 1086 -0.5000000000056277 
159 1087 0.24999999997633615 
159 1088 0.24999999997633604 
160 15 -0.7571428571485654 
160 160 0.0 
160 1071 -0.45000000008074137 
160 1090 0.19999999997925055 
160 1091 -0.3000000000100629 
160 1092 0.19999999997925044 
161 15 0.028571428503498142 
161 161 0.0 
162 15 -0.707142857152077 
162 162 0.0 
162 835 -0.6388888888912465 
162 1094 -0.12500000000562794 
162 1095 -0.2500000000114524 
163 157 -0.48571428740677924 
163 163 0.0 
163 182 -0.48571428740677947 
163 1097 -0.3000000000100629 
163 1098 -0.3000000000100629 
163 1099 0.19999999997925044 
164 15 -0.6095238095366491 
164 84 -0.5000000000106848 
164 164 0.0 
164 1101 -7.008393865248763e-12 
165 165 0.0 
166 15 -0.8517857143434215 
166 115 -0.8232142858531835 
166 126 -0.643750000185225 
166 137 -0.7013888889258375 
166 166 0.0 
166 190 -0.6041666666693843 
166 237 -0.6750000000562124 
166 587 -0.437500000004998 
166 1014 -0.3750000000050968 
166 1105 -0.4375000000049982 
166 1107 0.06249999999065303 
166 1109 0.062499999990653254 
166 1110 0.06249999999065314 
166 1111 0.062499999990653254 
166 1112 0.06249999999065303 
166 1113 -0.4375000000049982 
166 1114 -0.4375000000049982 
167 15 -0.8047619047662713 
167 167 0.0 
167 576 -0.5833333333373456 
167 901 -0.5833333333373456 
167 1115 -0.5000000000053608 
167 1116 0.1666666666482508 
167 1117 0.16666666664825058 
168 168 0.0 
168 202 -0.3333333333420523 
168 365 -0.1666666666799932 
168 750 -0.41666666667351837 
169 89 -0.4142857142958414 
169 122 -0.4285714286025979 
169 169 0.0 
169 462 -0.3571428571478479 
169 971 -0.45238095239434495 
169 1013 -0.6071428571464847 
169 1050 -0.3571428571510269 
169 1105 -0.3571428571510269 
170 15 -0.44285714286235756 
170 170 0.0 
170 358 -0.12500000001667888 
171 171 0.0 
172 35 -0.4655172413848945 
172 172 0.0 
172 1027 -1.2504175472827228e-10 
173 15 -0.47142857143794004 
173 173 0.0 
173 824 -0.33333333333916904 
174 15 -0.7428571428673316 
174 174 0.0 
174 441 -0.6000000000038337 
174 500 -0.36666666668347636 
174 647 -0.5142857142931005 
174 828 -0.5000000003443885 
175 15 0.028571428503498475 
175 175 0.0 
176 15 -0.7071428571520775 
176 176 0.0 
176 289 -0.41666666667373575 
176 550 -0.6250000000027576 
176 989 -0.29166666669269303 
177 177 0.0 
177 190 -0.3333333333420523 
177 550 -0.5416666666711374 
177 609 -0.5897435897467718 
178 15 -0.6095238095360735 
178 178 0.0 
178 315 -0.4666666666930528 
178 737 -0.1666666666799932 
179 20 -0.5500000001015879 
179 54 -0.559523809975677 
179 179 0.0 
179 185 -0.23611111155660258 
179 1042 -0.2500000011167418 
180 15 -0.6357142857568179 
180 180 0.0 
180 244 -0.6250000000283831 
180 270 -0.42500000000632987 
180 641 -0.37500000017433033 
181 89 0.19999999997925055 
181 181 0.0 
182 15 -0.7142857143307921 
182 113 -0.6357142865226626 
182 137 -0.5793650797827039 
182 163 -0.48571428740677947 
182 182 0.0 
182 195 -0.5476190478460301 
182 398 -0.5357142857505146 
182 843 -0.5142857145150166 
183 15 -0.4714285714379405 
183 183 0.0 
183 770 -0.16666666667792018 
184 15 -0.6214285715038899 
184 184 0.0 
184 360 -0.28571428710857516 
184 972 -0.3928571428958185 
184 1000 -0.5500000000046015 
185 15 -0.7746031746128612 
185 64 -0.5606060610037962 
185 85 -0.4166666671197743 
185 179 -0.23611111155660258 
185 185 0.0 
185 331 -0.2222222222435959 
185 361 -0.527777778233196 
185 579 -0.633333334294865 
185 645 -0.027777778522096508 
185 701 -0.38888888889582685 
186 15 0.028571428503498364 
186 186 0.0 
187 35 0.01724137924267366 
187 187 0.0 
188 16 -0.41666666667351815 
188 122 -0.607142857146105 
188 188 0.0 
188 474 -0.41666666667373553 
188 877 -0.5500000000046015 
189 16 -0.1666666666799932 
189 189 0.0 
189 648 -0.4166666666699126 
190 166 -0.6041666666693843 
190 177 -0.3333333333420523 
190 190 0.0 
190 513 -0.5000000000053606 
191 112 -0.4062500001647238 
191 114 -0.3750000000361662 
191 150 -0.281250000016517 
191 191 0.0 
191 231 -0.6937500000269738 
191 239 -0.5758928574185971 
191 242 -0.5446428580277487 
191 244 -0.46875000010132895 
191 363 -0.5000000000498996 
191 376 -0.6437500000394749 
191 491 -0.5729166666971539 
191 750 -0.6875000000020304 
191 760 -0.4479166670909658 
191 782 -0.4812500009728147 
191 824 -0.5000000000188407 
191 918 -0.5000000015173152 
191 1001 -0.28125000002094325 
192 17 0.9999999999267714 
192 192 0.0 
193 193 0.0 
194 18 0.16666666664825047 
194 194 0.0 
195 18 -0.5833333338871689 
195 182 -0.5476190478460301 
195 195 0.0 
195 332 -0.33333333334233695 
195 474 -0.500000000005361 
195 730 -0.4166666666805301 
195 814 -0.33333333334233695 
196 196 0.0 
197 18 0.16666666664825058 
197 197 0.0 
198 30 -0.34722222223067867 
198 149 -0.38888888897947815 
198 198 0.0 
198 259 -0.22222222226411237 
198 260 -0.6888888888913836 
198 476 -0.5000000000106843 
198 603 -0.4444444444679263 
198 647 -0.6904761904801946 
198 750 -0.6388888888919688 
198 1071 -0.583333333361874 
199 18 0.1666666666482508 
199 199 0.0 
200 18 -0.33333333334233695 
200 200 0.0 
200 601 0.49999999996157996 
201 201 0.0 
201 434 -0.3750000000074958 
201 477 -1.6896040122560407e-11 
202 168 -0.3333333333420523 
202 202 0.0 
202 270 -0.46666666667263 
202 352 -0.1666666666799932 
203 19 0.49999999996157996 
203 203 0.0 
204 52 -0.3666666669449703 
204 204 0.0 
204 371 -0.2666666667029598 
204 566 -0.12500000072267725 
204 782 -0.5000000003443879 
204 1014 -0.10000000001762155 
205 85 0.24999999997633604 
205 205 0.0 
206 20 -0.4333333333384761 
206 206 0.0 
206 575 -0.38888888889270357 
207 20 0.06666666666038634 
207 207 0.0 
208 208 0.0 
208 315 -0.3500000003138486 
208 609 -0.38461538490143377 
209 209 0.0 
210 20 -0.43333333333847657 
210 210 0.0 
210 1016 -0.33333333333916926 
211 20 -0.43333333333847657 
211 211 0.0 
211 1106 0.49999999996157996 
212 20 0.06666666666038634 
212 212 0.0 
213 20 -0.400000000272664 
213 136 -0.12500000000562794 
213 213 0.0 
214 27 -0.6500000001160511 
214 67 -0.6125000000155449 
214 80 -0.7571428571549728 
214 214 0.0 
214 376 -0.5000000002409131 
214 415 0.0999999999883211 
214 417 -0.7461538462172879 
214 490 -0.5857142864048259 
214 637 -0.5166666666754456 
214 818 -0.533333333413496 
214 862 -0.516666666675446 
215 21 -1.6895818077955482e-11 
215 53 -0.4230769230824447 
215 215 0.0 
216 21 0.49999999996157996 
216 216 0.0 
217 217 0.0 
217 550 0.1249999999853244 
218 218 0.0 
218 453 0.9999999999267714 
219 22 0.49999999996157996 
219 219 0.0 
220 23 0.055555555538098766 
220 220 0.0 
221 23 0.05555555553809899 
221 221 0.0 
222 23 -0.6111111111135845 
222 128 -0.6166666666679812 
222 222 0.0 
222 429 -0.46666666667226475 
223 23 0.05555555553809899 
223 223 0.0 
224 23 -0.4444444444492277 
224 224 0.0 
224 475 0.49999999996157996 
225 23 0.05555555553809888 
225 225 0.0 
226 226 0.0 
227 23 0.05555555553809888 
227 227 0.0 
228 23 -0.7444444444459033 
228 44 -0.6913043478558856 
228 50 -0.6000000000038337 
228 228 0.0 
228 457 -0.5500000000301757 
228 579 -0.6500000001160504 
229 23 0.0555555555380991 
229 229 0.0 
230 23 0.05555555553809921 
230 230 0.0 
231 23 -0.7666666666765622 
231 34 -0.550000000039119 
231 96 -0.7071428572261429 
231 108 -0.6571428571709086 
231 191 -0.6937500000269738 
231 231 0.0 
231 413 -0.5500000000205023 
231 441 -0.6500000000541788 
231 538 -0.6833333334388259 
231 539 -0.6000000000255521 
231 949 0.09999999998832132 
232 154 -0.4166666667732355 
232 232 0.0 
232 239 -0.21428571436047594 
232 242 -0.21428571436047616 
233 23 -0.38888888889367523 
233 233 0.0 
233 242 -0.1428571429410188 
234 119 -0.5214285723167436 
234 234 0.0 
234 239 -0.5857142858288891 
234 546 -0.3500000000202692 
234 924 -0.3000000000069756 
234 1071 -0.4500000000807418 
235 23 -0.6111111111135843 
235 235 0.0 
235 908 -0.41666666667351815 
235 990 -0.33333333334205273 
236 23 0.0555555555380991 
236 236 0.0 
237 23 -0.7166666666861041 
237 166 -0.6750000000562124 
237 237 0.0 
237 246 -0.5500000000047176 
237 371 -0.3666666666834768 
237 980 -0.5500000000047178 
238 23 0.0555555555380991 
238 238 0.0 
239 23 -0.7182539682596936 
239 191 -0.5758928574185971 
239 232 -0.21428571436047594 
239 234 -0.5857142858288891 
239 239 0.0 
239 243 -0.21428571461347845 
239 1075 -0.5476190476367093 
239 1086 -0.3571428572780613 
240 24 -0.5000000000056277 
240 240 0.0 
240 760 -0.5000000005074092 
240 1038 -0.29166666669269303 
240 1081 -0.2500000000114524 
241 24 0.24999999997633604 
241 241 0.0 
242 25 -0.6071428575570126 
242 191 -0.5446428580277487 
242 232 -0.21428571436047616 
242 233 -0.1428571429410188 
242 242 0.0 
242 743 -0.6071428571464847 
242 768 -0.38095238104529505 
242 1086 -0.3571428572780613 
243 239 -0.21428571461347845 
243 243 0.0 
243 1018 -0.277777778088931 
244 25 -0.593750000034843 
244 81 -0.541666666745793 
244 113 -0.41875000001817275 
244 114 -0.2500000018752013 
244 116 -0.6145833343068663 
244 119 -0.48214285739585394 
244 122 -0.7321428572996385 
244 180 -0.6250000000283831 
244 191 -0.46875000010132895 
244 244 0.0 
244 360 -0.5982142862456261 
244 609 -0.627403846181082 
244 673 -0.4062500000029874 
244 759 -0.4875000005223813 
244 916 -0.25000000004524825 
244 930 -0.5000000000217448 
244 975 0.062499999990653254 
245 245 0.0 
245 519 0.3333333333055045 
246 25 -0.6250000000033307 
246 237 -0.5500000000047176 
246 246 0.0 
246 337 -0.5000000000056275 
246 1097 -0.2500000000114524 
247 25 -0.3500000000845478 
247 47 -0.5777777778739013 
247 66 -0.6888888889249962 
247 247 0.0 
247 249 0.14999999842844036 
247 882 -0.40000000052127294 
248 25 -0.2500000000077629 
248 248 0.0 
248 1009 -0.3125000000127969 
249 25 -9.347236318291152e-10 
249 247 0.14999999842844036 
249 249 0.0 
250 25 -0.37500000000749556 
250 250 0.0 
250 417 -0.42307692308030087 
251 251 0.0 
251 999 0.3333333333055045 
252 252 0.0 
252 822 -0.1666666666799932 
252 1012 -0.25000000001145284 
253 27 -0.20000000000489448 
253 253 0.0 
253 306 -1.2504175472827228e-10 
254 254 0.0 
255 27 0.19999999997925055 
255 255 0.0 
256 27 0.19999999997925044 
256 256 0.0 
257 257 0.0 
258 29 0.9999999999267714 
258 258 0.0 
259 30 -6.175704392319403e-11 
259 128 -0.5916666666958657 
259 198 -0.22222222226411237 
259 259 0.0 
260 88 -0.6333333334242914 
260 198 -0.6888888888913836 
260 260 0.0 
260 457 -0.46666666670315404 
260 761 -0.6333333333364837 
260 1075 -0.4666666667031538 
261 81 0.0833333333241344 
261 261 0.0 
262 30 0.24999999997633604 
262 262 0.0 
263 31 -1.6896040122560407e-11 
263 263 0.0 
263 528 -1.6896040122560407e-11 
264 264 0.0 
264 568 -0.4000000000064694 
264 582 -0.35714285714784766 
