0 1 -0.30000000000697535 
0 2 -0.4677419354848782 
1 0 -0.30000000000697535 
1 451 -0.10000000004492282 
1 1272 -0.4000000014675307 
1 1357 0.049999999956932495 
1 1880 -0.3428571429066132 
2 0 -0.4677419354848782 
2 37 -0.6387096774412124 
2 45 -0.6975806454563318 
2 55 -0.7350230416451842 
2 104 -0.6383438644468247 
2 226 -0.6209677456755971 
2 228 -0.48967741947212895 
2 241 -0.6881720430521436 
2 243 -0.6370967742570299 
2 244 -0.18548387097265073 
2 263 -0.5053763442576527 
2 511 -0.6580645162481773 
2 561 -0.7443548387254579 
2 661 -0.7204301076792652 
2 718 -0.3903225808594777 
2 859 -0.6881720431583811 
2 896 -0.7032258064741459 
2 932 -0.5791788857115594 
2 945 -0.588709677476472 
2 1255 -0.49193548505676477 
2 1703 -0.6048387097644969 
2 1765 -0.43548387097264385 
2 1866 -0.6559139785248238 
2 2045 -0.5913978508018949 
2 2327 -0.7677419354864536 
2 2484 -0.6508538899849061 
2 2596 -0.4569892473361823 
2 2890 -0.42473118280896394 
2 3094 -0.4677419354890229 
2 3340 0.032258064453098756 
2 3624 -0.45161290322903946 
3 4 -0.33333333334233695 
3 5 -0.6666666666709693 
3 6 -0.2500000006833274 
3 7 -0.7833333333470462 
3 8 -0.5900000002478321 
3 9 -0.29166666675495323 
4 3 -0.33333333334233695 
4 723 -0.4333333333365479 
5 3 -0.6666666666709693 
5 265 -0.7337164751227245 
5 298 -0.3888888888958266 
5 679 -0.6349206350148937 
5 701 -0.5416666667395396 
5 888 -0.507936507961392 
5 891 -0.5079365079454417 
5 930 -0.7083333335304081 
5 2324 -0.5833333333618742 
6 3 -0.2500000006833274 
6 621 0.166666666658163 
6 2463 -0.33333333334205273 
7 3 -0.7833333333470462 
7 32 -0.5302631593062088 
7 56 -0.7056818185182077 
7 227 -0.7135869570362365 
7 282 -0.4982142857432956 
7 337 -0.6291666666753302 
7 432 -0.6767857143275813 
7 465 -0.5318965519308372 
7 529 -0.673214287348034 
7 739 -0.7000000000201769 
7 748 -0.6375000001213875 
7 761 -0.650000000084046 
7 809 -0.5392857145620418 
7 883 -0.5333333333993426 
7 976 -0.4555555560497546 
7 978 -0.4125000005634183 
7 1123 -0.7166666668799597 
7 1205 -0.7096153850263256 
7 1241 -0.6875000000764453 
7 1289 -0.5625000011566359 
7 1660 -0.46250000001528013 
7 1788 -0.5625000001122795 
7 1789 -0.47500000018763 
7 1875 -0.5972222225540644 
7 2219 -0.5125000001936506 
7 2257 -0.5000000000943261 
7 2278 -0.5666666666897102 
7 2326 -0.4517857150139615 
7 2374 -0.63750000010437 
7 2423 -0.6875000000366449 
7 2485 -0.5375000006215445 
7 2545 -0.36250000075723254 
7 2605 -0.5125000000583739 
7 2810 -0.3500000001331065 
7 2824 -0.47500000002737686 
7 2825 -0.4500000000054549 
7 2826 -0.7125000000090906 
7 2827 0.02499999992907931 
7 2828 -0.5750000014060028 
7 2829 -0.4750000000273773 
8 3 -0.5900000002478321 
8 9 -0.4650000001523882 
8 149 -0.606666666669579 
8 309 -0.7800000000856939 
8 330 -0.7276923077225217 
8 377 -0.753333333356903 
8 414 -0.7690909097479646 
8 549 -0.5866666666713312 
8 621 -0.40000000001039315 
8 911 -0.6971428571997071 
8 1046 -0.6000000005003392 
8 1181 -0.7800000000467373 
8 1234 -0.6533333334716724 
8 1432 -0.7950000001123294 
8 1445 -0.6700000000085635 
8 1746 -0.506666666691105 
8 1975 -0.5466666667034774 
8 2552 0.03999999995254555 
8 2955 -0.7550000000455381 
8 3110 -0.400000000012414 
8 3202 -0.6000000004305481 
8 3369 -0.5250000000242732 
8 3602 -0.4600000000046558 
8 3665 0.03999999995254577 
8 3666 0.039999999952545884 
9 3 -0.29166666675495323 
9 8 -0.4650000001523882 
9 19 -0.686170212784603 
9 2671 -0.2500000000114524 
10 11 -0.5416666682918807 
10 12 -0.7269503547182419 
10 13 -0.6666666666755832 
10 14 -0.18333333372280491 
10 15 -0.20833333364391238 
10 16 -0.7807017543893746 
11 10 -0.5416666682918807 
11 196 -0.5972222225241921 
11 265 -0.7370689655416836 
11 384 -0.5833333333367086 
11 385 -0.7867647058928364 
11 386 -0.6750000000008916 
11 387 -0.6250000000203855 
11 388 0.08333333332413406 
11 389 -0.6666666666691912 
11 390 -0.500000000013026 
11 391 -0.4166666666724308 
11 392 -0.741666666689552 
12 10 -0.7269503547182419 
12 37 -0.7042553192211198 
12 103 -0.6894630193409466 
12 109 -0.6436170214606591 
12 125 -0.7040618955935547 
12 152 -0.5279255322158727 
12 159 -0.5446808510897587 
12 173 -0.5463078852061278 
12 196 -0.4988179671363546 
12 323 -0.4430538174714953 
12 424 -0.7294832831418083 
12 508 -0.47354064381980754 
12 623 -0.6082826751650492 
12 698 -0.4441489361753628 
12 737 -0.6042553193093987 
12 859 -0.7269503547854019 
12 954 -0.5678191492479499 
12 1084 -0.6436170213422145 
12 1134 -0.47872340429914995 
12 1140 -0.6446808512559024 
12 1229 -0.696808510687279 
12 1230 -0.7375886526047157 
12 1231 -0.7792553193685865 
12 1232 -0.457446808516234 
12 1233 -0.09042553194482217 
12 1234 -0.6843971634645736 
12 1235 -0.7085106384233062 
12 1236 -0.5585106384376908 
12 1237 -0.3404255319261207 
12 1238 -0.8269503549838211 
12 1239 -0.34042553192612046 
12 1240 -0.4645390071127249 
12 1241 -0.4553191491094979 
12 1242 -0.5709219868720918 
12 1243 -0.6347517730595122 
12 1244 -0.7180851064023672 
12 1245 0.021276595673142662 
12 1246 0.021276595673142662 
12 1247 -0.45390071006236865 
12 1248 -0.4255319149050063 
12 1249 0.021276595673142995 
12 1250 -0.6607565015550596 
12 1251 -0.6312056738021226 
12 1252 0.021276595673143328 
12 1253 -0.4787234042991497 
12 1254 -0.5045592706448103 
12 1255 -0.6329787234656297 
13 10 -0.6666666666755832 
13 66 -0.6437500001048024 
13 103 -0.48809523990708215 
13 104 -0.5073883162607702 
13 234 -0.7000000000594566 
13 259 -0.516666668941689 
13 310 -0.6833333333674421 
13 366 -0.6333333348273686 
13 418 -0.5583333338708709 
13 473 -0.7333333333456418 
13 507 -0.23333333342410478 
13 839 -0.6000000004075086 
13 851 -0.583333333445595 
13 908 -0.5388888889796994 
13 1016 -0.538888889081697 
13 1073 -0.6916666667113036 
13 1155 -0.6500000004947855 
13 1741 -0.5833333336875897 
13 1957 -0.5166666667382716 
13 1998 -0.5833333334796631 
13 2034 -0.8090909091114258 
13 2091 0.0333333332720388 
13 2110 -0.23333333355699737 
13 2236 -0.4166666688279326 
13 2437 -0.7333333333801497 
13 2502 -0.5666666666974236 
13 2503 -0.5833333343142348 
13 2504 -0.0833333333536519 
13 2505 -0.4666666666717072 
13 2506 0.03333333327203869 
14 10 -0.18333333372280491 
14 15 -0.22500000015029453 
14 871 -0.6500000000057395 
14 2841 -0.5857142857284185 
14 3435 0.19999999997925044 
15 10 -0.20833333364391238 
15 14 -0.22500000015029453 
15 169 -0.6750000000243865 
15 1514 -0.6500000000021433 
16 10 -0.7807017543893746 
16 315 -0.7280701755208161 
16 626 -0.6282894737763192 
16 628 -0.6087719298508059 
16 885 -0.6376518219240359 
16 889 -0.6076555027582813 
16 911 -0.7255639098461366 
16 1011 -0.44736842105734054 
16 1178 -0.4157894737131409 
16 1179 -0.6130030963151314 
16 1195 -0.6684210527090364 
16 1903 -0.1447368421094395 
16 2124 -0.6421052631731481 
16 2380 -0.6710526318618211 
16 3217 -0.6973684210543916 
16 3249 -0.5684210529558054 
16 3255 -0.6447368421178861 
16 3720 -0.44736842105734054 
16 3721 0.05263157892664916 
17 18 -0.3000000000069756 
17 19 -0.4787234042991497 
18 17 -0.3000000000069756 
18 100 -0.7166666666682917 
18 2387 0.19999999997925055 
18 2388 0.19999999997925055 
18 2389 0.19999999997925044 
19 9 -0.686170212784603 
19 17 -0.4787234042991497 
19 35 -0.5815602837134399 
19 165 -0.7356792148616558 
19 223 -0.7473404256433402 
19 281 -0.8105053191706066 
19 394 -0.41489361703523575 
19 635 -0.6648936170529867 
19 712 0.021276595673142884 
19 715 -0.8356973996066934 
19 923 -0.7613981763142217 
19 1044 -0.6241134751944144 
19 1067 -0.5815602837134395 
19 1091 -0.7042553192854237 
19 1234 -0.7588652482908622 
19 1277 -0.664893617070486 
19 1308 -0.4787234042991495 
19 1563 -0.5815602837152614 
19 1714 -0.4787234042991495 
19 1724 -0.6347517730595125 
19 1736 0.021276595673142884 
19 1945 -0.47872340429914995 
19 1988 -0.6453900709325038 
19 2294 -0.645390070932504 
19 2300 -0.8039513677913923 
19 2335 -0.6347517730595122 
19 2406 0.021276595673142773 
19 2529 0.021276595673142884 
19 2572 0.021276595673142662 
19 2754 -0.6347517730595129 
19 2761 -0.7148936170267479 
19 2951 -0.414893617035236 
19 2981 -0.7294832827149325 
19 3076 -0.6134751773393674 
19 3095 0.021276595673142662 
19 3146 -0.7787234042617062 
19 3438 0.021276595673142662 
19 3523 -0.4787234042991495 
19 3531 0.021276595673142662 
19 3532 0.021276595673142995 
19 3533 -0.5815602837152611 
19 3534 0.021276595673142995 
19 3535 0.021276595673143328 
19 3536 -0.4787234042991497 
19 3537 -0.4787234042991497 
19 3538 -0.6347517730595125 
19 3539 -0.4787234042991497 
20 21 0.49999999996157984 
20 22 -1.6895818077955482e-11 
21 20 0.49999999996157984 
22 20 -1.6895818077955482e-11 
22 889 -0.40909090909697854 
23 24 0.4999999997258183 
24 23 0.4999999997258183 
24 493 -0.3000000000069756 
25 26 -0.16666666672802677 
25 27 -0.5952380952422482 
25 28 -0.5459770115763072 
26 25 -0.16666666672802677 
26 794 -0.6354166666688092 
26 1721 -7.008393865248763e-12 
27 25 -0.5952380952422482 
27 115 -0.7598639455962002 
27 165 -0.721350079038213 
27 237 0.020408163194119644 
27 316 -0.615646258529488 
27 447 -0.6989795918904171 
27 635 -0.6173469388374728 
27 704 -0.6978458054048058 
27 706 -0.5748299320038797 
27 714 -0.728571428661194 
27 1067 -0.5952380952642091 
27 1121 -0.827664399313369 
27 1150 -0.64625850341292 
27 1235 -0.8081632656293545 
27 1336 -0.6989795918904171 
27 1367 0.020408163194119977 
27 1397 -0.4795918367814962 
27 1463 -0.7309833027017847 
27 1577 -0.7091836735073278 
27 1785 -0.4183673470388092 
27 1786 -0.6530612245313505 
27 1787 -0.27210884355620535 
27 1875 -0.7460317464417638 
27 1880 -0.7448979593725373 
27 2137 -0.6258503401538569 
27 2338 -0.47959183678149575 
27 2369 0.020408163194119977 
27 2714 0.020408163194119755 
27 2800 0.020408163194119644 
27 2867 -0.7448979595843896 
27 2945 -0.709183673504256 
27 2968 -0.6673469387832298 
27 3092 -0.6877551021492816 
27 3104 -0.4489795918443664 
27 3105 -0.6360544217789417 
27 3106 -0.47959183678149575 
27 3107 -0.41836734695259437 
27 3108 -0.64625850341292 
27 3109 0.020408163194119422 
27 3110 -0.6360544217699069 
27 3111 0.020408163194119533 
27 3112 -0.7525510205314545 
27 3113 0.020408163194119644 
27 3114 -0.46938775510557385 
27 3115 -0.479591836781496 
27 3116 -0.479591836781496 
27 3117 -0.7795918367413674 
27 3118 0.020408163194119533 
27 3119 -0.4693877551055732 
28 25 -0.5459770115763072 
28 32 -0.5149727777278468 
28 111 -0.6852717713680545 
28 120 -0.5965517242837208 
28 238 -0.4137931034574862 
28 307 -0.6847290645441111 
28 359 -0.7117691156966481 
28 371 -0.5919540231023821 
28 404 -0.5043103468210721 
28 414 -0.6622257064678643 
28 529 -0.5826882488470686 
28 532 -0.6276939658218614 
28 552 -0.6620689655694934 
28 593 -0.6198686372839983 
28 623 -0.5665024638899487 
28 640 -0.5775862072479372 
28 687 -0.5359195409996336 
28 910 -0.5788177340284961 
28 928 -0.4709618882613502 
28 990 -0.4923371656609874 
28 1441 -0.6191904051175108 
28 1652 -0.6358620690228269 
28 1901 -0.51034482775362 
28 1918 0.034482758561398597 
28 2178 -0.27586206925377854 
28 2728 -0.4310344829401185 
28 2822 -0.3793103448676911 
28 3485 -0.4137931034574862 
28 3486 -0.46551724138424877 
29 30 -0.3333333334095019 
29 31 -0.45614035143598763 
29 32 -0.5350877193956944 
30 29 -0.3333333334095019 
30 593 -0.6666666680174085 
30 1172 -0.7156862745967874 
30 1808 -0.7222222222241226 
30 1809 -0.5833333338871678 
30 1810 -0.33333333334233695 
31 29 -0.45614035143598763 
31 236 -0.7518796995026951 
31 508 -0.7017543859929094 
31 851 -0.6754385965023739 
31 884 -0.4210526315817571 
31 954 -0.5756578948017388 
31 1240 -0.4824561403829768 
31 1260 -0.5921052633225095 
31 1426 -0.42105263158175665 
31 1763 -0.5614035087794402 
31 1916 -0.6447368421162878 
31 1950 0.052631578926648936 
31 2029 -0.614035087721664 
31 2102 -0.6157894737019403 
31 2545 -0.6947368423855751 
31 3133 0.05263157892664916 
31 3134 0.05263157892664927 
31 3135 -0.44736842105734054 
31 3136 -0.5921052635478365 
32 7 -0.5302631593062088 
32 28 -0.5149727777278468 
32 29 -0.5350877193956944 
32 84 -0.6184210527726766 
32 195 -0.625438598030031 
32 226 -0.5305602718049605 
32 276 -0.5763157895776603 
32 279 -0.5043859668605084 
32 281 -0.6595394741222622 
32 310 -0.6026315790118324 
32 323 -0.5371517028786972 
32 324 -0.6622807017844228 
32 495 -0.6184210532250782 
32 513 -0.6578947368900299 
32 565 -0.5018796999055468 
32 598 -0.6622807019126751 
32 660 -0.5677387930735498 
32 695 -0.6701754387641485 
32 709 -0.526315789564699 
32 934 -0.6692982468853141 
32 943 -0.5405701758002905 
32 1427 -0.6282894738496749 
32 1470 -0.5096491228506346 
32 1505 -0.605263158015322 
32 1576 -0.7076023392372066 
32 1640 -0.5160818714953195 
32 1660 -0.2697368421302073 
32 1739 -0.5631578952695091 
32 1841 -0.32894736864036966 
32 1855 -0.4849624062737976 
32 2106 -0.39473684211825333 
32 2307 -0.17105263159056872 
32 2486 -0.5789473686091244 
32 2631 -0.5745614035326714 
32 2664 -0.7309941520665513 
32 2964 -0.394736842169205 
32 2968 -0.5552631580993053 
32 3796 0.026315789403636436 
33 34 -1.6896040122560407e-11 
33 35 -0.1666666666799932 
34 33 -1.6896040122560407e-11 
34 1813 -0.1666666666779204 
35 19 -0.5815602837134399 
35 33 -0.1666666666799932 
35 236 -0.47619047624035193 
36 37 -0.20000000000489448 
36 38 -0.40625000002979905 
37 2 -0.6387096774412124 
37 12 -0.7042553192211198 
37 36 -0.20000000000489448 
37 76 -0.663636363728898 
37 2987 -0.20000000000489448 
38 36 -0.40625000002979905 
38 42 -0.6041666666693843 
38 241 -0.5312500021417013 
38 343 -0.7434210532446524 
38 747 -0.4732142857405981 
38 899 -0.665865385175689 
38 943 -0.5104166667481984 
38 1194 -0.49553571434680777 
38 1640 -0.586805555626233 
38 2589 -0.4187500000167712 
38 2657 -0.7395833333610824 
38 2698 -0.36647727274822595 
38 2858 -0.5000000000656808 
38 2988 -0.5625000010024603 
38 3423 -0.3125000000281888 
38 3813 0.062499999990653254 
39 40 -0.1666666666799932 
39 41 -0.6309523809534205 
39 42 -0.33333333334205273 
40 39 -0.1666666666799932 
40 736 -0.40000000000338964 
41 39 -0.6309523809534205 
41 118 -0.5906593414201522 
41 255 -0.5238095251121924 
41 313 -0.7214285714926421 
41 361 -0.7440476190894674 
41 460 -0.46428571429056165 
41 883 -0.5099206350090357 
41 953 -0.6547619051117706 
41 954 -0.5625000011994015 
41 1070 -0.46428571429056165 
41 1152 -0.6964285714327845 
41 1198 -0.6678571428818336 
41 1288 -0.7035714286041472 
41 1359 -0.5892857154593019 
41 1652 -0.48714285717419936 
41 1662 -0.5357142857335113 
41 1789 -0.6500000005214148 
41 2105 -0.5535714286968352 
41 2116 -0.6250000000698339 
41 2143 0.03571428565731338 
41 2473 -0.6964285714327847 
41 2489 -0.32142857149778514 
41 2490 -0.6428571428692333 
41 2491 -0.1726190476632814 
41 2492 -0.2321428571665347 
41 2493 -0.6607142859848327 
41 2494 -0.4642857142905614 
41 2495 0.035714285657313494 
42 38 -0.6041666666693843 
42 39 -0.33333333334205273 
42 928 -0.6140350877216638 
43 44 -0.41666666700177535 
43 45 -0.5416666670464689 
43 46 -0.45833333335005055 
43 47 -0.41666666667373575 
44 43 -0.41666666700177535 
44 115 -0.6222222222828084 
44 134 -0.4722222226682877 
44 270 -0.6215277782528807 
44 1437 -0.6111111114152274 
44 1441 -0.6594202900582684 
44 1857 -0.527777778359164 
44 1974 -0.38888888889582707 
44 1975 -0.4444444444746054 
45 2 -0.6975806454563318 
45 43 -0.5416666670464689 
45 186 -0.7575757577239854 
45 399 -0.697916666744943 
45 408 0.08333333332413417 
45 465 -0.7471264370438384 
45 520 -0.7583333333516376 
45 579 -0.7500000000023339 
45 852 -0.7239583336713282 
45 2205 -0.4166666666724308 
45 2519 0.08333333332413406 
45 2818 -0.5416666666730858 
46 43 -0.45833333335005055 
46 234 -0.41666666864945356 
46 376 -0.6666666671734682 
46 759 -0.47916666676871467 
46 1505 -0.7017543859805415 
46 2603 -0.28333333336021704 
47 43 -0.41666666667373575 
47 98 -0.3809523811407296 
47 1236 -0.5238095238201181 
48 49 -0.6888888888910021 
48 50 -0.6571428572522453 
48 51 -0.666666666747215 
48 52 -0.6571428571455069 
48 53 -0.3000000000100631 
49 48 -0.6888888888910021 
49 113 -0.5833333333773387 
49 371 -0.4722222240110052 
49 372 -0.5555555555596876 
49 373 -0.6388888888919688 
49 374 -0.666666666686619 
49 375 -0.5959595961155717 
49 376 -0.638888891600073 
49 377 -0.6666666666709684 
50 48 -0.6571428572522453 
50 92 -0.7163865546699923 
50 118 -0.5274725282219523 
50 403 -0.6214285715391106 
50 428 -0.7662337663536878 
50 529 -0.6785714298258552 
50 1140 -0.5952380966542214 
50 1198 -0.6000000000169399 
50 1278 -0.4523809524539759 
50 2132 -0.35714285714832217 
50 2150 -0.32142857143645864 
50 2952 -0.5952380952411058 
50 3125 0.07142857142142 
50 3126 -0.5238095238201184 
51 48 -0.666666666747215 
51 289 -0.7904761904862401 
51 407 -0.5666666666719511 
51 518 -0.7238095238753701 
51 631 -0.6166666666974787 
51 1173 -0.7285714287101548 
51 1406 -0.733333333335036 
51 2224 -0.7000000000045035 
51 2499 -0.6166666666891985 
51 2731 -0.5666666666719511 
51 3270 -0.650000000011125 
51 3345 -0.6000000000028574 
51 3346 -0.6000000000028571 
51 3347 -0.4333333333384761 
51 3348 -0.6000000000028571 
52 48 -0.6571428571455069 
52 216 -0.6071428571586512 
52 570 -0.7238095239557121 
52 2166 -0.6038961039056503 
52 2252 -0.6428571428656 
52 2461 0.14285714284071527 
52 3732 0.14285714284071527 
53 48 -0.3000000000100631 
53 207 -0.4411764705909116 
54 55 0.04761904759222624 
55 2 -0.7350230416451842 
55 54 0.04761904759222624 
55 84 -0.5000000001423326 
55 86 -0.3809523826643195 
55 265 -0.6502463058110359 
55 444 -0.757142857184602 
55 535 -0.6190476192607484 
55 1052 -0.6071428572743591 
55 1262 0.04761904759222624 
55 1333 -0.6785714285775803 
55 1371 -0.6428571434134902 
55 1406 -0.7523809523822156 
55 1463 -0.6060606060986895 
55 1592 -0.5238095238456788 
55 1738 -0.5238095238218945 
55 1857 -0.39285714410932804 
55 2002 -0.2666666669936395 
55 2124 -0.6523809524482078 
55 2303 -0.4523809523855724 
55 2521 -0.4523809523855724 
55 3121 -0.42857143046101176 
56 7 -0.7056818185182077 
56 57 -0.6636363636846223 
56 58 -0.5757575757611695 
56 59 -0.40909090909697854 
56 60 -0.4090909090969783 
56 61 -0.6060606060955873 
56 62 -0.584415584538952 
56 63 0.09090909089870935 
56 64 -0.729946524163499 
56 65 -0.6136363644480871 
56 66 -0.7840909091156982 
57 56 -0.6636363636846223 
57 105 -0.5857142857187507 
57 106 -0.46666666667263 
57 107 -0.46666666667263024 
57 108 -0.46666666667263046 
58 56 -0.5757575757611695 
58 213 -0.6190476190488736 
58 1090 -0.1666666666799932 
59 56 -0.40909090909697854 
59 1851 -1.6896040122560407e-11 
60 56 -0.4090909090969783 
60 871 -0.46666666667170675 
61 56 -0.6060606060955873 
61 284 -0.43910256496194044 
61 287 -0.5265151517021225 
61 380 -0.4166666670326946 
61 418 -0.5833333334007325 
61 570 -0.7166666669893802 
61 736 -0.6250000006128245 
61 972 -0.6074561417726192 
61 1128 -0.7023809531368368 
61 1288 -0.5916666675484012 
61 2997 0.08333333332413406 
61 2998 -0.6666666666691907 
62 56 -0.584415584538952 
62 359 -0.7375776397738938 
62 529 -0.6326530619523274 
62 704 -0.559523809603726 
62 1043 -0.5857142858288893 
62 1059 -0.7321428571447748 
62 1289 -0.5142857148883728 
63 56 0.09090909089870935 
64 56 -0.729946524163499 
64 76 -0.7754010695345215 
64 115 -0.5539215686627295 
64 116 -0.6881338744849193 
64 154 -0.5708556150860438 
64 225 -0.6274509805565489 
64 241 -0.6213235294412867 
64 429 -0.6748366019656642 
64 511 -0.6166666675762791 
64 565 -0.58543417407272 
64 583 -0.6127450980716536 
64 588 -0.595588235674416 
64 794 -0.7150735299603528 
64 943 -0.5784313733793685 
64 1281 -0.5294117647268486 
64 1283 -0.5088235319536389 
64 1326 -0.5794117648656056 
64 1417 0.02941176463892059 
64 1427 -0.588235294242643 
64 1473 -0.4117647058906322 
64 1754 -0.19117647059344467 
64 1868 -0.5441176470755273 
64 2230 -0.7500000006415852 
64 2490 -0.6029411766464148 
64 2589 -0.658823529975157 
64 2633 -0.5647058823994209 
64 2680 -0.6544117653603925 
64 2682 -0.4558823529445677 
64 2762 -0.6029411765213177 
64 3081 -0.6617647059060001 
64 3092 -0.6235294121595605 
64 3413 -0.7264705883644473 
64 3680 -0.42647058824206696 
64 3794 0.029411764638920257 
65 56 -0.6136363644480871 
65 195 -0.7333333333855956 
65 569 -0.41666666675134256 
65 1859 -0.4166666666805301 
65 3657 -0.3333333333423367 
65 3860 0.16666666664825058 
66 13 -0.6437500001048024 
66 56 -0.7840909091156982 
66 814 -0.6000000000318102 
66 980 -0.4375000005004155 
66 1364 -0.7437500001693338 
66 1370 -0.40625000000298717 
66 1691 -0.3750000000050968 
66 1957 -0.5104166673672732 
66 1982 -0.6562500000085454 
66 2207 -0.3125000000180198 
66 2218 -0.7098214287371549 
66 2823 -0.47916666669282915 
66 3008 -0.40625000000298694 
66 3141 -0.6125000001076797 
66 3696 -0.3750000001589857 
66 3877 0.062499999990653254 
67 68 -0.10000000000487619 
67 69 -0.5727272727709911 
67 70 0.19999999997925055 
67 71 -0.45000000008074137 
67 72 -0.6750000000023495 
68 67 -0.10000000000487619 
68 259 -0.4047619049387474 
69 67 -0.5727272727709911 
69 259 -0.5389610391538908 
69 303 -0.7247474749920304 
69 374 -0.5393939394374394 
69 2236 -0.4393939394758877 
69 2386 -0.5876623376878587 
69 2551 -0.530303030364768 
69 2627 -0.5303030309302634 
69 2782 -0.43939393944659155 
69 3088 -0.3636363639394369 
69 3137 0.09090909089870935 
70 67 0.19999999997925055 
71 67 -0.45000000008074137 
71 278 -0.5833333333371751 
71 750 -0.562500000006041 
71 2690 -0.37500000017433166 
72 67 -0.6750000000023495 
72 703 -0.6750000000027012 
72 1361 -0.22500000026791156 
72 1363 -0.1250000001258178 
72 1364 -0.4500000000178588 
72 1728 -0.5416666666711374 
72 3445 -0.5416666666711376 
72 3905 0.12499999998532463 
73 74 0.12499999998532452 
73 75 -0.3125000001570313 
73 76 -0.7386363636394846 
73 77 -0.5833333333390813 
73 78 -0.2500000028101579 
73 79 -0.500000000036815 
73 80 -0.601851851960582 
73 81 -0.6125000002331182 
74 73 0.12499999998532452 
75 73 -0.3125000001570313 
75 80 -0.4953703706856891 
75 2073 -0.5833333334019992 
75 2250 -0.2500000011167418 
76 37 -0.663636363728898 
76 64 -0.7754010695345215 
76 73 -0.7386363636394846 
76 1050 -0.6038961041258215 
76 1549 -0.651515151668171 
76 2104 -0.31818181843198823 
76 2705 0.09090909089870935 
76 2706 -0.40909090909697854 
76 2707 -0.06818181866077344 
76 2708 -0.31818181843198845 
76 2709 -0.4090909090969783 
77 73 -0.5833333333390813 
77 871 -0.8000000000032381 
77 899 -0.7564102564118478 
77 1996 -0.7222222222241226 
77 2047 -0.3333333333423367 
77 2839 -0.4166666667281973 
78 73 -0.2500000028101579 
78 79 -0.5000000000235918 
78 359 -0.6603260870529284 
78 627 -0.6306818187648979 
78 723 -0.7083333333550592 
78 1326 -0.42500000005924354 
78 1469 -0.1458333334947226 
78 2331 -0.18750000056962057 
79 73 -0.500000000036815 
79 78 -0.5000000000235918 
79 187 -0.7573529412780196 
79 560 -0.6250000000033302 
79 952 -0.4732142858334647 
79 1633 -0.5625000010622438 
79 1665 -0.47916666667892605 
79 3092 -0.5750000000069377 
80 73 -0.601851851960582 
80 75 -0.4953703706856891 
80 89 -0.4629629629677323 
80 265 -0.6992337165649798 
80 583 -0.708333333376435 
80 704 -0.6203703706442318 
80 733 -0.7574074078588038 
80 966 -0.6759259259342625 
80 1111 -0.7777777778372383 
80 1128 -0.8015873015967909 
80 1235 -0.7005291007625671 
80 1242 -0.6481481484714957 
80 1283 -0.600000000039413 
80 1427 -0.6458333333692319 
80 1469 -0.6111111113093486 
80 1623 -0.7083333333481097 
80 1650 -0.6851851852137383 
80 1791 -0.6111111111153902 
80 2039 -0.7407407407841347 
80 2082 -0.40740740742182924 
80 2186 0.037037036982757066 
80 2360 -0.5648148149932766 
80 2815 -0.44444444444734676 
80 3264 -0.6574074074554292 
80 3334 0.037037036982757066 
80 3335 -0.4629629629677323 
80 3336 0.037037036982757066 
81 73 -0.6125000002331182 
81 1194 -0.7571428571596923 
81 1662 -0.7000000000589517 
81 2432 -0.6000000000255521 
81 2549 -0.4000000000064694 
81 2575 -0.650000000002867 
81 2700 -0.46666666668573553 
81 2833 -0.4000000000064694 
81 2839 -0.5500000000391188 
81 2988 -0.6250000002953611 
82 83 0.24999999997633615 
82 84 -0.16666666676483732 
82 85 -0.41346153861965673 
82 86 -0.19642857147377857 
83 82 0.24999999997633615 
84 32 -0.6184210527726766 
84 55 -0.5000000001423326 
84 82 -0.16666666676483732 
84 406 -0.5625000001250142 
84 453 -0.5833333333513773 
84 1224 -0.2916666666935108 
85 82 -0.41346153861965673 
85 86 -0.25549450693097264 
85 92 -0.787330316786155 
85 151 -0.49145299227066364 
85 195 -0.5935897436814919 
85 254 -0.5549450551116997 
85 458 -0.6923076934500458 
85 511 -0.6461538461890428 
85 558 -0.7220279724234366 
85 565 -0.5769230771940097 
85 644 -0.5807692311878703 
85 645 -0.6826923077056997 
85 731 -0.6923076923125733 
85 775 -0.5897435897478807 
85 789 -0.737179487385996 
85 1224 -0.5913461539036695 
85 1654 -0.7371794874030164 
85 1696 -0.6378205132098909 
85 1998 -0.5961538463037728 
85 2002 -0.33076923082879284 
85 2108 -0.4551282051460086 
85 2372 -0.5897435897471743 
85 3121 -0.4642857143082959 
85 3392 0.03846153841039879 
85 3393 -0.42307692308101963 
85 3394 0.03846153841039901 
86 55 -0.3809523826643195 
86 82 -0.19642857147377857 
86 85 -0.25549450693097264 
86 110 -0.592857143057097 
86 121 -0.5989010993030446 
86 195 -0.6761904764811195 
86 239 -0.6547619048853504 
86 254 -0.5119047625834419 
86 1224 -0.482142857207724 
86 1839 -0.5523809528062984 
86 1857 -0.2976190478146974 
86 2002 0.01428571356390429 
86 2124 -0.4547619048799354 
86 3121 -0.2500000003697447 
87 88 0.4999999997258183 
88 87 0.4999999997258183 
88 700 -0.4333333333365481 
89 80 -0.4629629629677323 
89 90 -0.37500000000433653 
90 89 -0.37500000000433653 
90 219 -0.5000000000636016 
90 1199 -0.37500000000749556 
90 1495 -0.7250000000205712 
90 1560 -0.31250000034332737 
90 1616 -0.675000000002701 
90 2380 -0.7250000000065637 
90 2713 -0.6458333335521407 
91 92 -0.6029411765841204 
91 93 -0.6666666666694112 
91 94 -0.33333333334233695 
91 95 -0.2500000006833285 
91 96 -0.2916666667549537 
91 97 -0.08333333338222704 
92 50 -0.7163865546699923 
92 85 -0.787330316786155 
92 91 -0.6029411765841204 
92 96 -0.4779411765044621 
92 510 -0.5336134468906335 
92 835 -0.7450980392185356 
92 874 -0.7963800905071587 
92 1144 -0.5784313725537795 
92 1354 -0.6078431372574924 
92 1457 -0.5490196078524365 
92 1536 -0.4607843137846501 
92 1537 0.05882352939801816 
92 1538 -0.7450980392652486 
92 1539 -0.44117647059311427 
92 1540 -0.6911764705901688 
92 1541 -0.7450980392652484 
92 1542 -0.6617647058902565 
93 91 -0.6666666666694112 
93 259 -0.6666666670467234 
93 481 -0.6904761904853096 
93 979 -0.4583333335904005 
93 1339 -0.6228070175585501 
93 2334 -0.5000000000053608 
94 91 -0.33333333334233695 
94 473 -0.3000000000100629 
95 91 -0.2500000006833285 
95 789 -0.38888888897258744 
95 2818 -0.33333333334205273 
96 91 -0.2916666667549537 
96 92 -0.4779411765044621 
96 278 -0.3333333333502251 
96 1450 -0.5681818182830431 
97 91 -0.08333333338222704 
97 789 -0.22222222225199406 
98 47 -0.3809523811407296 
98 99 -0.5079365079557081 
98 100 -0.6488095238909921 
98 101 -0.571428572543625 
98 102 -0.4285714293566891 
98 103 -0.6190476196552988 
98 104 -0.6877761428199136 
99 98 -0.5079365079557081 
99 161 -0.5777777779111515 
99 321 -0.4166666667994279 
99 322 -0.33333333366027174 
99 323 -0.5163398703581752 
99 324 -0.5555555557897005 
99 325 -0.7424242426612109 
99 326 0.11111111109800775 
99 327 -0.7124183006777063 
100 18 -0.7166666666682917 
100 98 -0.6488095238909921 
100 126 -0.696969697067126 
100 129 -0.5333333333979786 
100 299 -0.7083333336469655 
100 409 -0.541666666674558 
100 508 -0.6955128211723989 
100 797 -0.7222222222583279 
100 1047 -0.5833333338865023 
100 1048 -0.30833333335711344 
100 1049 -0.3750000002939564 
100 1050 -0.39285714354564405 
101 98 -0.571428572543625 
101 248 -0.7071428571493841 
101 727 -0.6696428572897133 
101 1259 -0.7238095238492241 
101 1267 -0.35714285715102667 
101 1316 -0.5238095238143972 
101 1351 -0.5238095238143972 
102 98 -0.4285714293566891 
102 313 -0.7904761904773843 
102 575 -0.7321428571754098 
102 797 -0.584656084666437 
102 991 -0.4857142862552679 
102 1336 -0.6071428571461048 
102 1412 -0.39285714299621777 
103 12 -0.6894630193409466 
103 13 -0.48809523990708215 
103 98 -0.6190476196552988 
103 187 -0.6806722693692615 
103 259 -0.6190476197066817 
103 370 -0.7255639110219962 
103 413 -0.7321428571575737 
103 529 -0.6292517009537546 
103 617 -0.572829131702564 
103 637 -0.6666666670794767 
103 908 -0.5476190483439263 
103 932 -0.6558441558625461 
103 953 -0.5952380964164066 
103 999 -0.5119047619693995 
103 1180 -0.6904761905435735 
103 1279 -0.7156862757878681 
103 1546 -0.7238095241951821 
103 1853 -0.5714285724149746 
103 2099 -0.523809523824234 
103 2846 -0.5714285719590046 
103 3192 -0.5238095238455625 
104 2 -0.6383438644468247 
104 13 -0.5073883162607702 
104 98 -0.6877761428199136 
104 228 -0.6738144330502907 
104 265 -0.6269107716502227 
104 281 -0.6688144332015526 
104 321 -0.6881443302854315 
104 345 -0.6469072173172055 
104 365 -0.42783505164142754 
104 374 -0.6116838490390497 
104 392 -0.6608247449566174 
104 406 -0.7052190729023176 
104 414 -0.6935332709060975 
104 429 -0.6036655212012692 
104 469 -0.48453608247696534 
104 496 -0.7587628866040914 
104 497 -0.6984536085070703 
104 507 -0.3556701035787557 
104 554 -0.679327183995494 
104 561 -0.6505154641552737 
104 615 -0.7512886600844546 
104 646 -0.8045202223842407 
104 682 -0.7250859106870124 
104 684 -0.6056701036232626 
104 718 -0.5381443299056947 
104 797 -0.6426116845908416 
104 814 -0.5835051548457519 
104 839 -0.6335051546734443 
104 908 -0.5549828180551386 
104 928 -0.6261530114762917 
104 938 -0.6637769447577928 
104 945 -0.6056701031509006 
104 955 -0.6585051548186638 
104 968 0.010309278349985296 
104 971 -0.7822164949061903 
104 980 -0.6365979381845142 
104 988 -0.6402061855953689 
104 1001 -0.4639175257856505 
104 1016 -0.6323024055388662 
104 1080 -0.5528350519388385 
104 1081 -0.5687285223771932 
104 1098 -0.4329896911649731 
104 1110 -0.7402854878349148 
104 1122 -0.7505154644624175 
104 1140 -0.7659793814976312 
104 1148 -0.699048374348316 
104 1206 -0.2972508591604466 
104 1285 0.010309278349985629 
104 1312 -0.6778350521030319 
104 1359 -0.7508591065509786 
104 1366 0.010309278349984963 
104 1505 -0.6524688013620501 
104 1507 -0.6329896910838546 
104 1564 -0.48969072166925676 
104 1652 -0.619587629137105 
104 1710 0.010309278349984963 
104 1715 -0.4175257732897768 
104 1766 -0.6632302407014252 
104 1806 -0.6941580757099142 
104 1850 -0.6254295533408611 
104 1874 -0.5783505158863884 
104 1904 -0.47422680419386376 
104 1926 -0.6520618563547782 
104 1929 -0.7611683848984454 
104 1952 -0.6829896907314346 
104 2080 -0.6460481099930611 
104 2093 -0.7663230240717938 
104 2102 -0.6278350515777049 
104 2110 -0.5092783507954515 
104 2236 -0.5798969072516518 
104 2244 -0.7025036819328259 
104 2291 -0.47422680413132623 
104 2381 -0.6207658332861854 
104 2386 -0.7124447718130102 
104 2488 0.010309278349984519 
104 2504 -0.19845360828883596 
104 2596 -0.5798969077622826 
104 2602 -0.6675257732329707 
104 2642 -0.4845360824769651 
104 2719 -0.5579896911500928 
104 2766 -0.453608247479969 
104 2805 -0.642120765935009 
104 2841 -0.7231222388492009 
104 3089 -0.6099656358277636 
104 3205 -0.48969072166925653 
104 3283 -0.3865979382970055 
104 3402 -0.4896907216692563 
104 3586 0.01030927834998474 
104 3606 -0.46907216499106363 
104 3797 -0.537371134030252 
104 3803 -0.4896907216692563 
104 3816 -0.6408934708161884 
104 3828 0.010309278349985185 
104 3835 0.010309278349984963 
104 3845 -0.48969072166925676 
104 3882 0.010309278349985185 
104 3900 0.010309278349984519 
105 57 -0.5857142857187507 
105 119 -0.714285714287884 
105 153 -0.14285714291466678 
105 212 -0.6696428573219246 
105 939 -0.5079365081930662 
105 1078 -0.7781954887301206 
105 1427 -0.6071428571817872 
106 57 -0.46666666667263 
106 604 -0.46666666667226453 
106 1505 -0.6403508771973903 
107 57 -0.46666666667263024 
107 598 -0.5416666666730863 
107 2018 -0.16666666672802855 
108 57 -0.46666666667263046 
108 778 -0.559523809553184 
108 1833 -7.008615909853688e-12 
109 12 -0.6436170214606591 
109 110 -0.45000000097537973 
109 111 -0.6737288135668424 
109 112 0.24999999997633604 
110 86 -0.592857143057097 
110 109 -0.45000000097537973 
110 1021 -0.6125000002274452 
110 1279 -0.5529411769610584 
110 2765 0.19999999997925044 
111 28 -0.6852717713680545 
111 109 -0.6737288135668424 
111 257 -0.722650231143027 
111 290 -0.6059322035995165 
111 299 -0.7129943503298244 
111 356 -0.7994350282578744 
111 392 -0.7389830508812922 
111 439 -0.8326271186500223 
111 534 -0.6970338984143694 
111 614 -0.7644067796831269 
111 637 -0.7469733656796866 
111 925 -0.6991525424745864 
111 934 -0.7395480226268063 
111 979 -0.6991525424700842 
111 1002 -0.44067796611364773 
111 1209 -0.7421307506814734 
111 1217 -0.5889830508645306 
111 1219 -0.6242937853296717 
111 1449 -0.7152542375406243 
111 1627 -0.682203389952508 
111 1721 -0.4745762712114401 
111 1874 -0.5898305085006399 
111 1931 -0.6073446327998191 
111 1957 -0.6892655368125777 
111 1979 -0.8067796610687725 
111 2083 -0.6412429378648614 
111 2110 -0.5288135594072645 
111 2160 -0.6822033899792643 
111 2236 -0.6398305085362548 
111 2375 -0.689830508564069 
111 2380 -0.7135593220517076 
111 2478 -0.7725988700767172 
111 2496 0.016949152541627877 
111 2726 -0.7161016949656906 
111 2760 -0.47457627118982115 
111 2805 -0.6670702179379508 
111 2899 -0.5649717514751602 
111 2915 -0.6389830508834426 
111 3154 -0.6073446328175329 
111 3156 -0.4830508475105071 
111 3325 -0.48305084751050753 
111 3332 -0.6991525424009075 
111 3387 0.016949152541627543 
111 3413 -0.7830508474653417 
111 3456 -0.6892655367990899 
111 3470 0.016949152541627877 
111 3482 -0.48305084751050753 
111 3509 0.016949152541627655 
111 3555 0.016949152541627766 
111 3567 -0.598870056547925 
111 3610 -0.6567796611902241 
111 3671 0.016949152541627766 
111 3710 -0.48305084751050753 
111 3711 0.016949152541627655 
111 3712 -0.44915254238467983 
111 3713 0.016949152541627432 
111 3714 -0.37288135597725924 
111 3715 -0.4830508475105073 
111 3716 0.016949152541627877 
112 109 0.24999999997633604 
113 49 -0.5833333333773387 
113 114 -0.5357142860953299 
113 115 -0.49166666806440507 
113 116 -0.6293103449191018 
114 113 -0.5357142860953299 
114 207 -0.6575630253909257 
114 546 -0.7261904772553807 
114 628 -0.6261904766386548 
114 660 -0.49074074082236185 
114 678 -0.5142857143228772 
114 1053 -0.7619047626430815 
114 1122 -0.6071428576075417 
114 1148 -0.41483516487516003 
114 1215 -0.3571428571483217 
114 1216 -0.6428571428716747 
114 1217 -0.46428571444690037 
114 1218 -0.7857142857155575 
114 1219 -0.45238095241320675 
115 27 -0.7598639455962002 
115 44 -0.6222222222828084 
115 64 -0.5539215686627295 
115 113 -0.49166666806440507 
115 164 -0.40000000012532944 
115 235 -0.6750000000092871 
115 465 -0.6965517255925548 
115 1094 -0.657142857190014 
115 1388 -0.6000000000028574 
115 1445 -0.5166666667977671 
115 1754 -0.11666666705433437 
115 1799 -0.5833333334686608 
115 1800 -0.7571428572386996 
115 1801 -0.6333333334850966 
115 1802 -0.4000000002726636 
116 64 -0.6881338744849193 
116 113 -0.6293103449191018 
116 143 -0.7241379312257288 
116 144 -0.7435344828220118 
116 201 -0.6982758620727856 
116 206 -0.7711598749995445 
116 345 -0.560344827603636 
116 448 -0.663793103458377 
116 503 0.034482758561398485 
116 704 -0.6992337167657281 
116 757 -0.6758620690667647 
116 1022 -0.7711598747244626 
116 1046 -0.6620689658275032 
116 1266 -0.6477832514316388 
116 1495 -0.7637931036437968 
116 1540 -0.39655172416444695 
116 1652 -0.7220689658445287 
116 1725 -0.6465517242087617 
116 1766 -0.6781609203107921 
116 2305 -0.7164750958527657 
116 2563 0.034482758561398597 
116 2564 -0.44827586207205217 
116 2565 -0.5387931034643985 
116 2566 -0.4655172413842481 
116 2567 -0.6321839080476115 
116 2568 -0.7471264368149948 
116 2569 -0.6120689656303986 
116 2570 -0.5287356322060757 
116 2571 -0.7482758620770533 
117 118 0.07692307691495337 
118 41 -0.5906593414201522 
118 50 -0.5274725282219523 
118 117 0.07692307691495337 
118 173 -0.4932126697387911 
118 529 -0.5981161695848147 
118 882 -0.5604395609835571 
118 1679 -0.581730769278896 
118 1749 -0.8054298642831277 
118 2020 -0.42307692308244427 
118 2326 -0.5164835165016735 
118 2360 -0.4326923077775626 
118 2493 -0.5934065934136505 
118 2788 -0.4743589744010046 
119 105 -0.714285714287884 
119 120 -0.6571428577364768 
119 121 -0.7087912093311695 
119 122 -0.5357142857540023 
119 123 -0.7460317460334618 
119 124 -0.5238095238143972 
119 125 -0.6038961040245296 
120 28 -0.5965517242837208 
120 119 -0.6571428577364768 
120 152 -0.37916666680382494 
120 155 -0.6083333339605619 
120 157 -0.3000000001380121 
120 265 -0.6436781621883767 
120 695 -0.6333333335665843 
120 1181 -0.7333333333530931 
120 1182 -0.40000000021435245 
120 1183 -0.4333333333384761 
120 1184 -0.6000000000028574 
120 1185 -0.6833333333354701 
120 1186 -0.7000000000045032 
120 1187 0.06666666666038634 
120 1188 0.06666666666038634 
121 86 -0.5989010993030446 
121 119 -0.7087912093311695 
121 376 -0.6730769231463305 
121 395 -0.4230769230824447 
121 511 -0.6179487181986971 
121 521 -0.6376518222990959 
121 668 -0.5927601812377166 
121 872 -0.6703296704401114 
121 1179 -0.6787330320443097 
121 1377 -0.7032967035206821 
121 1465 -0.8461538461578288 
121 1663 -0.6586538467851824 
121 2138 -0.5307692309764447 
122 119 -0.5357142857540023 
122 152 -0.37500000002353384 
122 1825 -0.6666666666709684 
122 2019 -0.33333333334233695 
122 3461 -0.3333333333469426 
122 3583 0.16666666664825058 
123 119 -0.7460317460334618 
123 490 -0.6349206349314451 
123 575 -0.8055555555566569 
123 866 -0.7888888888901566 
123 969 -0.5777777778739015 
123 1899 -0.5555555555596876 
123 2015 0.11111111109800775 
123 2517 -0.6888888888913833 
123 3333 0.11111111109800764 
124 119 -0.5238095238143972 
124 1062 -4.557789701209458e-10 
124 2163 -4.557789701209458e-10 
125 12 -0.7040618955935547 
125 119 -0.6038961040245296 
125 179 -0.6270053482972238 
125 240 -0.27272727273709974 
125 257 -0.6818181818392421 
125 660 -0.6060606065595222 
125 1396 -0.6227272728002546 
125 1439 -0.27272727273709974 
125 2998 -0.568181818287878 
125 3015 -0.31818181843198845 
125 3091 -0.39393939398799294 
126 100 -0.696969697067126 
126 127 -0.5757575757611695 
126 128 -0.6590909090935941 
126 129 -0.47272727294407435 
126 130 -0.48484848486343535 
126 131 -0.4090909090969783 
126 132 -0.6393939404561517 
126 133 -0.6636363636846225 
126 134 -0.5719696975246795 
126 135 -0.5757575757611697 
126 136 -0.5227272727866163 
127 126 -0.5757575757611695 
127 250 -0.6041666666682552 
127 251 0.33333333330550463 
128 126 -0.6590909090935941 
128 155 -0.6666666666691907 
128 273 -0.41666666667373553 
128 946 -0.5500000000046015 
129 100 -0.5333333333979786 
129 126 -0.47272727294407435 
129 1167 -0.46666666667263 
129 1168 -0.6125000002274443 
129 1169 -0.5500000003706853 
130 126 -0.48484848486343535 
130 577 -0.5166666666880508 
130 768 -0.1666666667811898 
131 126 -0.4090909090969783 
131 502 -0.479166666668867 
132 126 -0.6393939404561517 
132 195 -0.5833333335745174 
132 406 -0.7104166676788823 
132 565 -0.6285714291927251 
132 788 -0.5833333333961312 
132 1279 -0.6607843147903982 
132 2230 -0.7235294118808944 
132 2423 -0.5833333334523405 
132 2641 -0.4000000002726636 
132 2694 -0.6000000000028574 
132 3287 -0.7238095240337126 
132 3388 -0.5000000000412061 
132 3442 -0.5333333333430992 
132 3878 0.06666666666038634 
132 3879 -0.4333333333384761 
133 126 -0.6636363636846225 
133 1056 -0.3000000000100629 
133 2176 -0.5437500000056437 
133 3056 -0.46666666667263 
133 3129 -0.36666666670903947 
134 44 -0.4722222226682877 
134 126 -0.5719696975246795 
134 218 -0.7083333333569435 
134 270 -0.5312500003738059 
134 291 -0.5608974360432253 
134 565 -0.5833333333655373 
134 683 -0.5416666667201198 
134 1505 -0.6118421057908925 
134 2098 -0.5773809526358475 
134 2175 -0.6666666668646524 
134 2230 -0.6519607844775326 
