0 0 0.0 
0 1 -0.30000000000697535 
0 2 -0.4677419354848782 
1 0 -0.30000000000697535 
1 1 0.0 
1 451 -0.10000000004492238 
1 1272 -0.40000000146753045 
1 1357 0.049999999956932384 
1 1880 -0.3428571429066132 
2 0 -0.4677419354848782 
2 2 0.0 
2 37 -0.6387096774412124 
2 45 -0.697580645456332 
2 55 -0.7350230416451842 
2 104 -0.6383438644468191 
2 226 -0.620967745675598 
2 228 -0.4896774194721296 
2 241 -0.6881720430521432 
2 243 -0.6370967742570299 
2 244 -0.18548387097265095 
2 263 -0.5053763442576553 
2 511 -0.6580645162481775 
2 561 -0.7443548387254593 
2 661 -0.7204301076792645 
2 718 -0.39032258085947746 
2 859 -0.6881720431583815 
2 896 -0.703225806474145 
2 932 -0.5791788857115594 
2 945 -0.588709677476472 
2 1255 -0.4919354850567643 
2 1703 -0.6048387097644969 
2 1765 -0.4354838709726443 
2 1866 -0.6559139785248236 
2 2045 -0.5913978508018962 
2 2327 -0.7677419354864536 
2 2484 -0.6508538899849061 
2 2596 -0.4569892473361823 
2 2890 -0.4247311828089635 
2 3094 -0.4677419354890229 
2 3340 0.032258064453098756 
2 3624 -0.4516129032290399 
3 3 0.0 
3 4 -0.33333333334233695 
3 5 -0.6666666666709691 
3 6 -0.2500000006833274 
3 7 -0.7833333333470403 
3 8 -0.5900000002478325 
3 9 -0.29166666675495323 
4 3 -0.33333333334233695 
4 4 0.0 
4 723 -0.4333333333365479 
5 3 -0.6666666666709691 
5 5 0.0 
5 265 -0.7337164751227241 
5 298 -0.38888888889582685 
5 679 -0.6349206350148944 
5 701 -0.5416666667395393 
5 888 -0.5079365079613924 
5 891 -0.5079365079454414 
5 930 -0.7083333335304074 
5 2324 -0.5833333333618742 
6 3 -0.2500000006833274 
6 6 0.0 
6 621 0.166666666658163 
6 2463 -0.33333333334205273 
7 3 -0.7833333333470403 
7 7 0.0 
7 32 -0.5302631593062124 
7 56 -0.7056818185182081 
7 227 -0.7135869570362359 
7 282 -0.49821428574329607 
7 337 -0.6291666666753297 
7 432 -0.6767857143275813 
7 465 -0.5318965519308412 
7 529 -0.6732142873480376 
7 739 -0.7000000000201776 
7 748 -0.637500000121386 
7 761 -0.6500000000840458 
7 809 -0.5392857145620411 
7 883 -0.5333333333993429 
7 976 -0.45555555604975506 
7 978 -0.41250000056341807 
7 1123 -0.7166666668799611 
7 1205 -0.7096153850263252 
7 1241 -0.6875000000764455 
7 1289 -0.5625000011566355 
7 1660 -0.4625000000152808 
7 1788 -0.56250000011228 
7 1789 -0.47500000018763 
7 1875 -0.5972222225540649 
7 2219 -0.5125000001936502 
7 2257 -0.5000000000943259 
7 2278 -0.56666666668971 
7 2326 -0.4517857150139619 
7 2374 -0.6375000001043702 
7 2423 -0.6875000000366449 
7 2485 -0.5375000006215449 
7 2545 -0.36250000075723277 
7 2605 -0.5125000000583735 
7 2810 -0.3500000001331063 
7 2824 -0.4750000000273773 
7 2825 -0.4500000000054549 
7 2826 -0.7125000000090904 
7 2827 0.024999999929079753 
7 2828 -0.5750000014060028 
7 2829 -0.47500000002737686 
8 3 -0.5900000002478325 
8 8 0.0 
8 9 -0.4650000001523884 
8 149 -0.6066666666695786 
8 309 -0.7800000000856933 
8 330 -0.7276923077225219 
8 377 -0.7533333333569032 
8 414 -0.7690909097479639 
8 549 -0.5866666666713307 
8 621 -0.4000000000103925 
8 911 -0.6971428571997076 
8 1046 -0.6000000005003396 
8 1181 -0.7800000000467378 
8 1234 -0.6533333334716716 
8 1432 -0.7950000001123294 
8 1445 -0.6700000000085633 
8 1746 -0.5066666666911055 
8 1975 -0.5466666667034772 
8 2552 0.039999999952545884 
8 2955 -0.7550000000455386 
8 3110 -0.4000000000124144 
8 3202 -0.6000000004305481 
8 3369 -0.5250000000242734 
8 3602 -0.4600000000046558 
8 3665 0.03999999995254577 
8 3666 0.03999999995254566 
9 3 -0.29166666675495323 
9 8 -0.4650000001523884 
9 9 0.0 
9 19 -0.6861702127846019 
9 2671 -0.2500000000114526 
10 10 0.0 
10 11 -0.5416666682918798 
10 12 -0.7269503547182448 
10 13 -0.6666666666755807 
10 14 -0.18333333372280536 
10 15 -0.2083333336439126 
10 16 -0.7807017543893746 
11 10 -0.5416666682918798 
11 11 0.0 
11 196 -0.5972222225241928 
11 265 -0.7370689655416833 
11 384 -0.5833333333367086 
11 385 -0.7867647058928384 
11 386 -0.6750000000008916 
11 387 -0.625000000020385 
11 388 0.08333333332413406 
11 389 -0.6666666666691912 
11 390 -0.500000000013026 
11 391 -0.4166666666724308 
11 392 -0.7416666666895511 
12 10 -0.7269503547182448 
12 12 0.0 
12 37 -0.7042553192211234 
12 103 -0.6894630193409463 
12 109 -0.6436170214606594 
12 125 -0.7040618955935543 
12 152 -0.5279255322158725 
12 159 -0.5446808510897587 
12 173 -0.5463078852061274 
12 196 -0.49881796713635485 
12 323 -0.4430538174714962 
12 424 -0.729483283141809 
12 508 -0.4735406438198091 
12 623 -0.6082826751650494 
12 698 -0.444148936175363 
12 737 -0.6042553193093989 
12 859 -0.7269503547854044 
12 954 -0.5678191492479496 
12 1084 -0.6436170213422148 
12 1134 -0.4787234042991497 
12 1140 -0.6446808512559024 
12 1229 -0.6968085106872786 
12 1230 -0.7375886526047157 
12 1231 -0.7792553193685863 
12 1232 -0.4574468085162344 
12 1233 -0.09042553194482217 
12 1234 -0.6843971634645776 
12 1235 -0.7085106384233022 
12 1236 -0.5585106384376903 
12 1237 -0.34042553192612024 
12 1238 -0.8269503549838222 
12 1239 -0.3404255319261207 
12 1240 -0.46453900711272467 
12 1241 -0.455319149109495 
12 1242 -0.5709219868720927 
12 1243 -0.6347517730595129 
12 1244 -0.7180851064023668 
12 1245 0.021276595673142662 
12 1246 0.021276595673142662 
12 1247 -0.45390071006236754 
12 1248 -0.4255319149050063 
12 1249 0.021276595673142995 
12 1250 -0.6607565015550605 
12 1251 -0.6312056738021221 
12 1252 0.021276595673143328 
12 1253 -0.4787234042991497 
12 1254 -0.5045592706448105 
12 1255 -0.6329787234656272 
13 10 -0.6666666666755807 
13 13 0.0 
13 66 -0.6437500001048031 
13 103 -0.48809523990708215 
13 104 -0.5073883162607713 
13 234 -0.7000000000594564 
13 259 -0.516666668941689 
13 310 -0.6833333333674423 
13 366 -0.6333333348273684 
13 418 -0.5583333338708703 
13 473 -0.7333333333456411 
13 507 -0.23333333342410478 
13 839 -0.6000000004075088 
13 851 -0.5833333334455946 
13 908 -0.5388888889796983 
13 1016 -0.5388888890816967 
13 1073 -0.6916666667113036 
13 1155 -0.6500000004947855 
13 1741 -0.5833333336875894 
13 1957 -0.5166666667382716 
13 1998 -0.5833333334796631 
13 2034 -0.8090909091114253 
13 2091 0.03333333327203869 
13 2110 -0.2333333335569976 
13 2236 -0.4166666688279319 
13 2437 -0.7333333333801499 
13 2502 -0.5666666666974227 
13 2503 -0.5833333343142351 
13 2504 -0.0833333333536519 
13 2505 -0.4666666666717072 
13 2506 0.03333333327203836 
14 10 -0.18333333372280536 
14 14 0.0 
14 15 -0.22500000015029475 
14 871 -0.6500000000057371 
14 2841 -0.5857142857284179 
14 3435 0.19999999997925055 
15 10 -0.2083333336439126 
15 14 -0.22500000015029475 
15 15 0.0 
15 169 -0.6750000000243881 
15 1514 -0.6500000000021446 
16 10 -0.7807017543893746 
16 16 0.0 
16 315 -0.7280701755208154 
16 626 -0.6282894737763189 
16 628 -0.6087719298508056 
16 885 -0.6376518219240386 
16 889 -0.6076555027582811 
16 911 -0.7255639098461344 
16 1011 -0.4473684210573403 
16 1178 -0.4157894737131409 
16 1179 -0.6130030963151316 
16 1195 -0.6684210527090353 
16 1903 -0.14473684210943993 
16 2124 -0.6421052631731474 
16 2380 -0.6710526318618208 
16 3217 -0.6973684210543916 
16 3249 -0.5684210529558049 
16 3255 -0.6447368421178861 
16 3720 -0.44736842105734054 
16 3721 0.05263157892664916 
17 17 0.0 
17 18 -0.3000000000069756 
17 19 -0.4787234042991497 
18 17 -0.3000000000069756 
18 18 0.0 
18 100 -0.7166666666682917 
18 2387 0.19999999997925055 
18 2388 0.19999999997925055 
18 2389 0.19999999997925044 
19 9 -0.6861702127846019 
19 17 -0.4787234042991497 
19 19 0.0 
19 35 -0.5815602837134393 
19 165 -0.7356792148616549 
19 223 -0.74734042564334 
19 281 -0.8105053191706066 
19 394 -0.4148936170352364 
19 635 -0.6648936170529871 
19 712 0.021276595673142995 
19 715 -0.8356973996066941 
19 923 -0.7613981763142217 
19 1044 -0.624113475194414 
19 1067 -0.5815602837134397 
19 1091 -0.7042553192854242 
19 1234 -0.7588652482908615 
19 1277 -0.6648936170704862 
19 1308 -0.47872340429915017 
19 1563 -0.5815602837152609 
19 1714 -0.47872340429914995 
19 1724 -0.6347517730595129 
19 1736 0.021276595673142662 
19 1945 -0.4787234042991497 
19 1988 -0.6453900709325033 
19 2294 -0.6453900709325038 
19 2300 -0.8039513677913919 
19 2335 -0.6347517730595129 
19 2406 0.021276595673142995 
19 2529 0.021276595673142773 
19 2572 0.021276595673142773 
19 2754 -0.6347517730595129 
19 2761 -0.7148936170267479 
19 2951 -0.4148936170352364 
19 2981 -0.7294832827149325 
19 3076 -0.6134751773393672 
19 3095 0.021276595673143106 
19 3146 -0.7787234042617062 
19 3438 0.021276595673142884 
19 3523 -0.4787234042991497 
19 3531 0.021276595673142773 
19 3532 0.021276595673142884 
19 3533 -0.5815602837152611 
19 3534 0.021276595673142662 
19 3535 0.021276595673142662 
19 3536 -0.4787234042991497 
19 3537 -0.4787234042991497 
19 3538 -0.6347517730595125 
19 3539 -0.4787234042991497 
20 20 0.0 
20 21 0.49999999996157984 
20 22 -1.6895818077955482e-11 
21 20 0.49999999996157984 
21 21 0.0 
22 20 -1.6895818077955482e-11 
22 22 0.0 
22 889 -0.40909090909697854 
23 23 0.0 
23 24 0.4999999997258183 
24 23 0.4999999997258183 
24 24 0.0 
24 493 -0.3000000000069756 
25 25 0.0 
25 26 -0.16666666672802743 
25 27 -0.5952380952422476 
25 28 -0.545977011576305 
26 25 -0.16666666672802743 
26 26 0.0 
26 794 -0.6354166666688088 
26 1721 -7.008615909853688e-12 
27 25 -0.5952380952422476 
27 27 0.0 
27 115 -0.7598639455962004 
27 165 -0.7213500790382041 
27 237 0.020408163194120088 
27 316 -0.6156462585294884 
27 447 -0.6989795918904169 
27 635 -0.6173469388374682 
27 704 -0.697845805404806 
27 706 -0.5748299320038797 
27 714 -0.7285714286611942 
27 1067 -0.595238095264206 
27 1121 -0.8276643993133699 
27 1150 -0.6462585034129202 
27 1235 -0.8081632656293583 
27 1336 -0.6989795918904174 
27 1367 0.020408163194119866 
27 1397 -0.479591836781496 
27 1463 -0.7309833027017834 
27 1577 -0.7091836735073276 
27 1785 -0.41836734703880896 
27 1786 -0.6530612245313505 
27 1787 -0.27210884355620535 
27 1875 -0.7460317464417585 
27 1880 -0.7448979593725333 
27 2137 -0.6258503401538567 
27 2338 -0.4795918367814962 
27 2369 0.020408163194119755 
27 2714 0.020408163194119755 
27 2800 0.020408163194119866 
27 2867 -0.7448979595843892 
27 2945 -0.7091836735042563 
27 2968 -0.6673469387832291 
27 3092 -0.687755102149282 
27 3104 -0.44897959184436664 
27 3105 -0.6360544217789417 
27 3106 -0.47959183678149575 
27 3107 -0.41836734695259437 
27 3108 -0.6462585034129198 
27 3109 0.020408163194119866 
27 3110 -0.6360544217699089 
27 3111 0.020408163194119866 
27 3112 -0.7525510205314552 
27 3113 0.020408163194119533 
27 3114 -0.46938775510557296 
27 3115 -0.47959183678149575 
27 3116 -0.47959183678149575 
27 3117 -0.7795918367413666 
27 3118 0.020408163194119866 
27 3119 -0.4693877551055734 
28 25 -0.545977011576305 
28 28 0.0 
28 32 -0.5149727777278459 
28 111 -0.6852717713680496 
28 120 -0.5965517242837208 
28 238 -0.4137931034574862 
28 307 -0.6847290645441118 
28 359 -0.7117691156966472 
28 371 -0.5919540231023821 
28 404 -0.5043103468210721 
28 414 -0.6622257064678649 
28 529 -0.582688248847069 
28 532 -0.6276939658218601 
28 552 -0.6620689655694931 
28 593 -0.6198686372839981 
28 623 -0.5665024638899483 
28 640 -0.5775862072479376 
28 687 -0.535919540999634 
28 910 -0.5788177340284959 
28 928 -0.47096188826134977 
28 990 -0.49233716566098806 
28 1441 -0.6191904051175112 
28 1652 -0.6358620690228263 
28 1901 -0.5103448277536202 
28 1918 0.034482758561398485 
28 2178 -0.2758620692537779 
28 2728 -0.4310344829401187 
28 2822 -0.37931034486769155 
28 3485 -0.4137931034574862 
28 3486 -0.46551724138424877 
29 29 0.0 
29 30 -0.3333333334095021 
29 31 -0.4561403514359834 
29 32 -0.5350877193956944 
30 29 -0.3333333334095021 
30 30 0.0 
30 593 -0.6666666680174083 
30 1172 -0.7156862745967878 
30 1808 -0.722222222224121 
30 1809 -0.5833333338871685 
30 1810 -0.3333333333423367 
31 29 -0.4561403514359834 
31 31 0.0 
31 236 -0.751879699502698 
31 508 -0.7017543859929096 
31 851 -0.6754385965023746 
31 884 -0.42105263158175643 
31 954 -0.5756578948017381 
31 1240 -0.48245614038297546 
31 1260 -0.5921052633225101 
31 1426 -0.42105263158175665 
31 1763 -0.5614035087794398 
31 1916 -0.644736842116288 
31 1950 0.05263157892664916 
31 2029 -0.6140350877216636 
31 2102 -0.61578947370194 
31 2545 -0.6947368423855764 
31 3133 0.052631578926648936 
31 3134 0.052631578926648936 
31 3135 -0.44736842105734054 
31 3136 -0.5921052635478361 
32 7 -0.5302631593062124 
32 28 -0.5149727777278459 
32 29 -0.5350877193956944 
32 32 0.0 
32 84 -0.6184210527726768 
32 195 -0.6254385980300323 
32 226 -0.5305602718049616 
32 276 -0.5763157895776594 
32 279 -0.5043859668605082 
32 281 -0.6595394741222624 
32 310 -0.6026315790118324 
32 323 -0.5371517028786972 
32 324 -0.6622807017844232 
32 495 -0.6184210532250785 
32 513 -0.6578947368900303 
32 565 -0.5018796999055462 
32 598 -0.6622807019126746 
32 660 -0.5677387930735496 
32 695 -0.6701754387641459 
32 709 -0.5263157895646993 
32 934 -0.6692982468853133 
32 943 -0.5405701758002901 
32 1427 -0.6282894738496754 
32 1470 -0.5096491228506344 
32 1505 -0.6052631580153212 
32 1576 -0.7076023392372068 
32 1640 -0.5160818714953193 
32 1660 -0.26973684213024685 
32 1739 -0.5631578952695095 
32 1841 -0.3289473686403699 
32 1855 -0.4849624062737974 
32 2106 -0.39473684211825333 
32 2307 -0.17105263159056894 
32 2486 -0.5789473686091244 
32 2631 -0.5745614035326714 
32 2664 -0.7309941520665502 
32 2964 -0.394736842169205 
32 2968 -0.5552631580993048 
32 3796 0.026315789403636103 
33 33 0.0 
33 34 -1.6896040122560407e-11 
33 35 -0.1666666666799932 
34 33 -1.6896040122560407e-11 
34 34 0.0 
34 1813 -0.1666666666779204 
35 19 -0.5815602837134393 
35 33 -0.1666666666799932 
35 35 0.0 
35 236 -0.47619047624035016 
36 36 0.0 
36 37 -0.20000000000489448 
36 38 -0.40625000002979905 
37 2 -0.6387096774412124 
37 12 -0.7042553192211234 
37 36 -0.20000000000489448 
37 37 0.0 
37 76 -0.663636363728898 
37 2987 -0.20000000000489448 
38 36 -0.40625000002979905 
38 38 0.0 
38 42 -0.6041666666693843 
38 241 -0.531250002141701 
38 343 -0.7434210532446521 
38 747 -0.4732142857405983 
38 899 -0.6658653851756897 
38 943 -0.5104166667481982 
38 1194 -0.49553571434680777 
38 1640 -0.586805555626233 
38 2589 -0.41875000001677165 
38 2657 -0.7395833333610828 
38 2698 -0.3664772727482257 
38 2858 -0.5000000000656804 
38 2988 -0.5625000010024599 
38 3423 -0.31250000002818856 
38 3813 0.062499999990653254 
39 39 0.0 
39 40 -0.1666666666799932 
39 41 -0.6309523809534205 
39 42 -0.33333333334205273 
40 39 -0.1666666666799932 
40 40 0.0 
40 736 -0.40000000000338964 
41 39 -0.6309523809534205 
41 41 0.0 
41 118 -0.5906593414201522 
41 255 -0.5238095251121921 
41 313 -0.7214285714926425 
41 361 -0.7440476190894674 
41 460 -0.4642857142905614 
41 883 -0.509920635009036 
41 953 -0.6547619051117697 
41 954 -0.5625000011994012 
41 1070 -0.4642857142905614 
41 1152 -0.6964285714327842 
41 1198 -0.6678571428818336 
41 1288 -0.7035714286041477 
41 1359 -0.5892857154593012 
41 1652 -0.48714285717419825 
41 1662 -0.5357142857335118 
41 1789 -0.6500000005214146 
41 2105 -0.5535714286968354 
41 2116 -0.6250000000698337 
41 2143 0.03571428565731338 
41 2473 -0.6964285714327842 
41 2489 -0.32142857149778514 
41 2490 -0.6428571428692331 
41 2491 -0.17261904766328118 
41 2492 -0.2321428571665347 
41 2493 -0.660714285984833 
41 2494 -0.46428571429056165 
41 2495 0.03571428565731338 
42 38 -0.6041666666693843 
42 39 -0.33333333334205273 
42 42 0.0 
42 928 -0.6140350877216638 
43 43 0.0 
43 44 -0.4166666670017751 
43 45 -0.54166666704647 
43 46 -0.4583333333500508 
43 47 -0.41666666667373575 
44 43 -0.4166666670017751 
44 44 0.0 
44 115 -0.6222222222828084 
44 134 -0.4722222226682873 
44 270 -0.6215277782528805 
44 1437 -0.6111111114152274 
44 1441 -0.659420290058268 
44 1857 -0.527777778359164 
44 1974 -0.38888888889582685 
44 1975 -0.4444444444746054 
45 2 -0.697580645456332 
45 43 -0.54166666704647 
45 45 0.0 
45 186 -0.7575757577239843 
45 399 -0.6979166667449439 
45 408 0.08333333332413417 
45 465 -0.7471264370438322 
45 520 -0.7583333333516415 
45 579 -0.7500000000023337 
45 852 -0.7239583336713304 
45 2205 -0.4166666666724306 
45 2519 0.08333333332413417 
45 2818 -0.5416666666730863 
46 43 -0.4583333333500508 
46 46 0.0 
46 234 -0.41666666864945334 
46 376 -0.6666666671734682 
46 759 -0.4791666667687151 
46 1505 -0.7017543859805415 
46 2603 -0.28333333336021727 
47 43 -0.41666666667373575 
47 47 0.0 
47 98 -0.3809523811407296 
47 1236 -0.5238095238201184 
48 48 0.0 
48 49 -0.6888888888910021 
48 50 -0.6571428572522449 
48 51 -0.666666666747215 
48 52 -0.6571428571455069 
48 53 -0.3000000000100631 
49 48 -0.6888888888910021 
49 49 0.0 
49 113 -0.5833333333773387 
49 371 -0.4722222240110052 
49 372 -0.5555555555596876 
49 373 -0.6388888888919688 
49 374 -0.6666666666866177 
49 375 -0.5959595961155726 
49 376 -0.638888891600073 
49 377 -0.6666666666709693 
50 48 -0.6571428572522449 
50 50 0.0 
50 92 -0.716386554669993 
50 118 -0.527472528221953 
50 403 -0.6214285715391108 
50 428 -0.7662337663536876 
50 529 -0.6785714298258545 
50 1140 -0.5952380966542239 
50 1198 -0.6000000000169405 
50 1278 -0.45238095245397614 
50 2132 -0.3571428571483217 
50 2150 -0.32142857143645887 
50 2952 -0.5952380952411063 
50 3125 0.07142857142142034 
50 3126 -0.5238095238201186 
51 48 -0.666666666747215 
51 51 0.0 
51 289 -0.7904761904862392 
51 407 -0.5666666666719511 
51 518 -0.7238095238753701 
51 631 -0.6166666666974789 
51 1173 -0.7285714287101557 
51 1406 -0.7333333333350358 
51 2224 -0.7000000000045037 
51 2499 -0.6166666666891985 
51 2731 -0.5666666666719513 
51 3270 -0.6500000000111252 
51 3345 -0.6000000000028574 
51 3346 -0.6000000000028574 
51 3347 -0.4333333333384761 
51 3348 -0.6000000000028571 
52 48 -0.6571428571455069 
52 52 0.0 
52 216 -0.6071428571586501 
52 570 -0.723809523955713 
52 2166 -0.6038961039056518 
52 2252 -0.6428571428656 
52 2461 0.14285714284071538 
52 3732 0.14285714284071527 
53 48 -0.3000000000100631 
53 53 0.0 
53 207 -0.4411764705909116 
54 54 0.0 
54 55 0.04761904759222624 
55 2 -0.7350230416451842 
55 54 0.04761904759222624 
55 55 0.0 
55 84 -0.5000000001423328 
55 86 -0.3809523826643195 
55 265 -0.650246305811037 
55 444 -0.7571428571846015 
55 535 -0.619047619260749 
55 1052 -0.6071428572743593 
55 1262 0.047619047592226016 
55 1333 -0.6785714285775806 
55 1371 -0.6428571434134902 
55 1406 -0.752380952382216 
55 1463 -0.6060606060986895 
55 1592 -0.5238095238456786 
55 1738 -0.5238095238218934 
55 1857 -0.39285714410932804 
55 2002 -0.2666666669936415 
55 2124 -0.6523809524482078 
55 2303 -0.4523809523855724 
55 2521 -0.4523809523855724 
55 3121 -0.42857143046101154 
56 7 -0.7056818185182081 
56 56 0.0 
56 57 -0.6636363636846223 
56 58 -0.5757575757611695 
56 59 -0.40909090909697854 
56 60 -0.4090909090969783 
56 61 -0.6060606060955878 
56 62 -0.5844155845389523 
56 63 0.09090909089870935 
56 64 -0.7299465241634975 
56 65 -0.6136363644480871 
56 66 -0.7840909091156998 
57 56 -0.6636363636846223 
57 57 0.0 
57 105 -0.5857142857187507 
57 106 -0.46666666667263 
57 107 -0.46666666667263024 
57 108 -0.46666666667263046 
58 56 -0.5757575757611695 
58 58 0.0 
58 213 -0.6190476190488738 
58 1090 -0.1666666666799932 
59 56 -0.40909090909697854 
59 59 0.0 
59 1851 -1.6896040122560407e-11 
60 56 -0.4090909090969783 
60 60 0.0 
60 871 -0.46666666667170675 
61 56 -0.6060606060955878 
61 61 0.0 
61 284 -0.4391025649619409 
61 287 -0.5265151517021225 
61 380 -0.4166666670326933 
61 418 -0.5833333334007329 
61 570 -0.7166666669893806 
61 736 -0.6250000006128245 
61 972 -0.6074561417726203 
61 1128 -0.702380953136837 
61 1288 -0.5916666675484015 
61 2997 0.08333333332413417 
61 2998 -0.6666666666691912 
62 56 -0.5844155845389523 
62 62 0.0 
62 359 -0.737577639773894 
62 529 -0.6326530619523276 
62 704 -0.559523809603726 
62 1043 -0.5857142858288895 
62 1059 -0.7321428571447757 
62 1289 -0.5142857148883724 
63 56 0.09090909089870935 
63 63 0.0 
64 56 -0.7299465241634975 
64 64 0.0 
64 76 -0.7754010695345239 
64 115 -0.5539215686627319 
64 116 -0.6881338744849193 
64 154 -0.5708556150860435 
64 225 -0.6274509805565487 
64 241 -0.6213235294412862 
64 429 -0.6748366019656642 
64 511 -0.6166666675762809 
64 565 -0.5854341740727211 
64 583 -0.6127450980716536 
64 588 -0.5955882356744173 
64 794 -0.7150735299603539 
64 943 -0.5784313733793671 
64 1281 -0.5294117647268481 
64 1283 -0.5088235319536389 
64 1326 -0.5794117648656054 
64 1417 0.0294117646389207 
64 1427 -0.588235294242645 
64 1473 -0.4117647058906324 
64 1754 -0.19117647059344423 
64 1868 -0.5441176470755273 
64 2230 -0.750000000641585 
64 2490 -0.602941176646413 
64 2589 -0.6588235299751508 
64 2633 -0.5647058823994209 
64 2680 -0.6544117653603916 
64 2682 -0.45588235294456747 
64 2762 -0.6029411765213175 
64 3081 -0.6617647059060003 
64 3092 -0.6235294121595576 
64 3413 -0.7264705883644471 
64 3680 -0.42647058824206674 
64 3794 0.0294117646389207 
65 56 -0.6136363644480871 
65 65 0.0 
65 195 -0.7333333333855963 
65 569 -0.41666666675134256 
65 1859 -0.4166666666805301 
65 3657 -0.33333333334233695 
65 3860 0.1666666666482508 
66 13 -0.6437500001048031 
66 56 -0.7840909091156998 
66 66 0.0 
66 814 -0.6000000000318102 
66 980 -0.43750000050041593 
66 1364 -0.7437500001693338 
66 1370 -0.4062500000029876 
66 1691 -0.3750000000050968 
66 1957 -0.510416667367273 
66 1982 -0.6562500000085456 
66 2207 -0.3125000000180198 
66 2218 -0.7098214287371543 
66 2823 -0.47916666669282915 
66 3008 -0.40625000000298717 
66 3141 -0.6125000001076795 
66 3696 -0.37500000015898616 
66 3877 0.06249999999065292 
67 67 0.0 
67 68 -0.10000000000487619 
67 69 -0.5727272727709909 
67 70 0.19999999997925055 
67 71 -0.4500000000807418 
67 72 -0.6750000000023495 
68 67 -0.10000000000487619 
68 68 0.0 
68 259 -0.4047619049387472 
69 67 -0.5727272727709909 
69 69 0.0 
69 259 -0.5389610391538904 
69 303 -0.7247474749920282 
69 374 -0.5393939394374396 
69 2236 -0.4393939394758879 
69 2386 -0.5876623376878589 
69 2551 -0.5303030303647676 
69 2627 -0.5303030309302632 
69 2782 -0.439393939446592 
69 3088 -0.3636363639394369 
69 3137 0.09090909089870935 
70 67 0.19999999997925055 
70 70 0.0 
71 67 -0.4500000000807418 
71 71 0.0 
71 278 -0.5833333333371746 
71 750 -0.5625000000060412 
71 2690 -0.37500000017433166 
72 67 -0.6750000000023495 
72 72 0.0 
72 703 -0.6750000000027008 
72 1361 -0.22500000026791156 
72 1363 -0.1250000001258178 
72 1364 -0.4500000000178588 
72 1728 -0.5416666666711374 
72 3445 -0.5416666666711376 
72 3905 0.12499999998532463 
73 73 0.0 
73 74 0.12499999998532452 
73 75 -0.3125000001570313 
73 76 -0.7386363636394846 
73 77 -0.5833333333390816 
73 78 -0.2500000028101579 
73 79 -0.500000000036815 
73 80 -0.6018518519605842 
73 81 -0.6125000002331173 
74 73 0.12499999998532452 
74 74 0.0 
75 73 -0.3125000001570313 
75 75 0.0 
75 80 -0.4953703706856909 
75 2073 -0.5833333334019992 
75 2250 -0.2500000011167418 
76 37 -0.663636363728898 
76 64 -0.7754010695345239 
76 73 -0.7386363636394846 
76 76 0.0 
76 1050 -0.6038961041258215 
76 1549 -0.6515151516681705 
76 2104 -0.31818181843198845 
76 2705 0.09090909089870924 
76 2706 -0.4090909090969781 
76 2707 -0.06818181866077344 
76 2708 -0.31818181843198845 
76 2709 -0.40909090909697854 
77 73 -0.5833333333390816 
77 77 0.0 
77 871 -0.8000000000032381 
77 899 -0.7564102564118478 
77 1996 -0.7222222222241217 
77 2047 -0.3333333333423367 
77 2839 -0.41666666672819774 
78 73 -0.2500000028101579 
78 78 0.0 
78 79 -0.5000000000235925 
78 359 -0.6603260870529282 
78 627 -0.6306818187648981 
78 723 -0.7083333333550594 
78 1326 -0.4250000000592431 
78 1469 -0.14583333349472216 
78 2331 -0.18750000056962035 
79 73 -0.500000000036815 
79 78 -0.5000000000235925 
79 79 0.0 
79 187 -0.7573529412780204 
79 560 -0.6250000000033307 
79 952 -0.4732142858334645 
79 1633 -0.5625000010622436 
79 1665 -0.47916666667892627 
79 3092 -0.5750000000069382 
80 73 -0.6018518519605842 
80 75 -0.4953703706856909 
80 80 0.0 
80 89 -0.4629629629677323 
80 265 -0.6992337165649789 
80 583 -0.7083333333764328 
80 704 -0.6203703706442303 
80 733 -0.7574074078588029 
80 966 -0.6759259259342627 
80 1111 -0.7777777778372381 
80 1128 -0.8015873015967907 
80 1235 -0.7005291007625667 
80 1242 -0.6481481484714964 
80 1283 -0.6000000000394106 
80 1427 -0.645833333369231 
80 1469 -0.6111111113093481 
80 1623 -0.7083333333481097 
80 1650 -0.6851851852137381 
80 1791 -0.6111111111153904 
80 2039 -0.7407407407841351 
80 2082 -0.407407407421829 
80 2186 0.037037036982756844 
80 2360 -0.5648148149932768 
80 2815 -0.4444444444473472 
80 3264 -0.657407407455429 
80 3334 0.03703703698275718 
80 3335 -0.46296296296773254 
80 3336 0.037037036982757066 
81 73 -0.6125000002331173 
81 81 0.0 
81 1194 -0.7571428571596925 
81 1662 -0.7000000000589517 
81 2432 -0.6000000000255528 
81 2549 -0.4000000000064692 
81 2575 -0.6500000000028674 
81 2700 -0.46666666668573553 
81 2833 -0.40000000000646896 
81 2839 -0.550000000039119 
81 2988 -0.6250000002953604 
82 82 0.0 
82 83 0.24999999997633615 
82 84 -0.16666666676483777 
82 85 -0.41346153861965673 
82 86 -0.19642857147377857 
83 82 0.24999999997633615 
83 83 0.0 
84 32 -0.6184210527726768 
84 55 -0.5000000001423328 
84 82 -0.16666666676483777 
84 84 0.0 
84 406 -0.562500000125016 
84 453 -0.5833333333513786 
84 1224 -0.2916666666935108 
85 82 -0.41346153861965673 
85 85 0.0 
85 86 -0.2554945069309731 
85 92 -0.7873303167861554 
85 151 -0.4914529922706632 
85 195 -0.5935897436814912 
85 254 -0.554945055111701 
85 458 -0.6923076934500454 
85 511 -0.6461538461890441 
85 558 -0.7220279724234366 
85 565 -0.5769230771940093 
85 644 -0.58076923118787 
85 645 -0.6826923077056994 
85 731 -0.692307692312573 
85 775 -0.5897435897478804 
85 789 -0.7371794873859963 
85 1224 -0.5913461539036693 
85 1654 -0.7371794874030158 
85 1696 -0.6378205132098906 
85 1998 -0.5961538463037694 
85 2002 -0.3307692308287913 
85 2108 -0.4551282051460086 
85 2372 -0.5897435897471746 
85 3121 -0.4642857143082977 
85 3392 0.03846153841039868 
85 3393 -0.4230769230810201 
85 3394 0.03846153841039901 
86 55 -0.3809523826643195 
86 82 -0.19642857147377857 
86 85 -0.2554945069309731 
86 86 0.0 
86 110 -0.5928571430570968 
86 121 -0.598901099303045 
86 195 -0.6761904764811202 
86 239 -0.6547619048853504 
86 254 -0.5119047625834436 
86 1224 -0.4821428572077242 
86 1839 -0.5523809528062991 
86 1857 -0.2976190478146976 
86 2002 0.014285713218209928 
86 2124 -0.4547619048799356 
86 3121 -0.2500000001072271 
87 87 0.0 
87 88 0.4999999997258183 
88 87 0.4999999997258183 
88 88 0.0 
88 700 -0.4333333333365481 
89 80 -0.4629629629677323 
89 89 0.0 
89 90 -0.37500000000433653 
90 89 -0.37500000000433653 
90 90 0.0 
90 219 -0.500000000063602 
90 1199 -0.3750000000074958 
90 1495 -0.7250000000205699 
90 1560 -0.3125000003433276 
90 1616 -0.675000000002701 
90 2380 -0.7250000000065644 
90 2713 -0.6458333335521411 
91 91 0.0 
91 92 -0.6029411765841202 
91 93 -0.6666666666694112 
91 94 -0.33333333334233695 
91 95 -0.2500000006833285 
91 96 -0.2916666667549537 
91 97 -0.08333333338222704 
92 50 -0.716386554669993 
92 85 -0.7873303167861554 
92 91 -0.6029411765841202 
92 92 0.0 
92 96 -0.4779411765044621 
92 510 -0.5336134468906335 
92 835 -0.7450980392185356 
92 874 -0.796380090507159 
92 1144 -0.5784313725537795 
92 1354 -0.6078431372574922 
92 1457 -0.5490196078524361 
92 1536 -0.4607843137846497 
92 1537 0.05882352939801827 
92 1538 -0.745098039265248 
92 1539 -0.44117647059311427 
92 1540 -0.6911764705901688 
92 1541 -0.745098039265248 
92 1542 -0.661764705890256 
93 91 -0.6666666666694112 
93 93 0.0 
93 259 -0.6666666670467234 
93 481 -0.6904761904853096 
93 979 -0.45833333359040007 
93 1339 -0.6228070175585494 
93 2334 -0.5000000000053608 
94 91 -0.33333333334233695 
94 94 0.0 
94 473 -0.3000000000100629 
95 91 -0.2500000006833285 
95 95 0.0 
95 789 -0.38888888897258744 
95 2818 -0.33333333334205273 
96 91 -0.2916666667549537 
96 92 -0.4779411765044621 
96 96 0.0 
96 278 -0.3333333333502251 
96 1450 -0.5681818182830431 
97 91 -0.08333333338222704 
97 97 0.0 
97 789 -0.22222222225199406 
98 47 -0.3809523811407296 
98 98 0.0 
98 99 -0.5079365079557077 
98 100 -0.6488095238909921 
98 101 -0.5714285725436252 
98 102 -0.4285714293566891 
98 103 -0.6190476196552988 
98 104 -0.6877761428199141 
99 98 -0.5079365079557077 
99 99 0.0 
99 161 -0.5777777779111517 
99 321 -0.4166666667994279 
99 322 -0.33333333366027196 
99 323 -0.516339870358175 
99 324 -0.555555555789701 
99 325 -0.742424242661212 
99 326 0.11111111109800775 
99 327 -0.7124183006777036 
100 18 -0.7166666666682917 
100 98 -0.6488095238909921 
100 100 0.0 
100 126 -0.6969696970671253 
100 129 -0.5333333333979791 
100 299 -0.7083333336469646 
100 409 -0.5416666666745584 
100 508 -0.6955128211723971 
100 797 -0.7222222222583297 
100 1047 -0.583333333886503 
100 1048 -0.3083333333571132 
100 1049 -0.37500000029395664 
100 1050 -0.3928571435456436 
101 98 -0.5714285725436252 
101 101 0.0 
101 248 -0.707142857149385 
101 727 -0.6696428572897135 
101 1259 -0.7238095238492255 
101 1267 -0.35714285715102667 
101 1316 -0.5238095238143972 
101 1351 -0.5238095238143974 
102 98 -0.4285714293566891 
102 102 0.0 
102 313 -0.7904761904773843 
102 575 -0.7321428571754098 
102 797 -0.584656084666435 
102 991 -0.4857142862552677 
102 1336 -0.6071428571461048 
102 1412 -0.39285714299621777 
103 12 -0.6894630193409463 
103 13 -0.48809523990708215 
103 98 -0.6190476196552988 
103 103 0.0 
103 187 -0.6806722693692615 
103 259 -0.6190476197066819 
103 370 -0.7255639110219962 
103 413 -0.7321428571575732 
103 529 -0.6292517009537553 
103 617 -0.5728291317025638 
103 637 -0.6666666670794765 
103 908 -0.5476190483439267 
103 932 -0.6558441558625467 
103 953 -0.5952380964164079 
103 999 -0.511904761969399 
103 1180 -0.6904761905435723 
103 1279 -0.7156862757878684 
103 1546 -0.7238095241951821 
103 1853 -0.5714285724149752 
103 2099 -0.5238095238242344 
103 2846 -0.5714285719590055 
103 3192 -0.523809523845562 
104 2 -0.6383438644468191 
104 13 -0.5073883162607713 
104 98 -0.6877761428199141 
104 104 0.0 
104 228 -0.6738144330359512 
104 265 -0.6269107716502222 
104 281 -0.6688144332015533 
104 321 -0.688144330285432 
104 345 -0.646907217317205 
104 365 -0.4278350516414271 
104 374 -0.611683849039049 
104 392 -0.6608247449566189 
104 406 -0.705219072902318 
104 414 -0.6935332709060975 
104 429 -0.6036655212012696 
104 469 -0.4845360824769651 
104 496 -0.7587628866040916 
104 497 -0.6984536085070694 
104 507 -0.3556701035787577 
104 554 -0.679327183995492 
104 561 -0.6505154640907449 
104 615 -0.7512886600844539 
104 646 -0.8045202223842414 
104 682 -0.7250859106870129 
104 684 -0.6056701036232681 
104 718 -0.5381443299101392 
104 797 -0.6426116845908405 
104 814 -0.5835051548457515 
104 839 -0.6335051546734451 
104 908 -0.5549828180551404 
104 928 -0.6261530114762914 
104 938 -0.6637769447577924 
104 945 -0.6056701031159148 
104 955 -0.658505154818662 
104 968 0.010309278349985185 
104 971 -0.7822164949061898 
104 980 -0.6365979381845139 
104 988 -0.6402061855953693 
104 1001 -0.46391752578565093 
104 1016 -0.6323024055388666 
104 1080 -0.5528350519388376 
104 1081 -0.5687285223771941 
104 1098 -0.4329896911649731 
104 1110 -0.7402854878349157 
104 1122 -0.7505154644624188 
104 1140 -0.7659793814976315 
104 1148 -0.6990483743483158 
104 1206 -0.29725085916044636 
104 1285 0.010309278349985518 
104 1312 -0.6778350521030334 
104 1359 -0.7508591065509784 
104 1366 0.010309278349984963 
104 1505 -0.6524688013620492 
104 1507 -0.6329896910838595 
104 1564 -0.48969072166925676 
104 1652 -0.6195876291371034 
104 1710 0.010309278349985296 
104 1715 -0.4175257732897766 
104 1766 -0.6632302407014241 
104 1806 -0.6941580757099142 
104 1850 -0.625429553340862 
104 1874 -0.5783505158863891 
104 1904 -0.47422680419386265 
104 1926 -0.6520618563547746 
104 1929 -0.7611683848984452 
104 1952 -0.6829896907314352 
104 2080 -0.6460481099930608 
104 2093 -0.766323024071794 
104 2102 -0.6278350515777054 
104 2110 -0.509278350795451 
104 2236 -0.5798969072516518 
104 2244 -0.7025036819328254 
104 2291 -0.4742268041313267 
104 2381 -0.6207658332861832 
104 2386 -0.7124447718130089 
104 2488 0.01030927834998474 
104 2504 -0.1984536082888353 
104 2596 -0.5798969078060727 
104 2602 -0.6675257732329714 
104 2642 -0.48453608247696556 
104 2719 -0.5579896911500932 
104 2766 -0.453608247479969 
104 2805 -0.6421207659350099 
104 2841 -0.723122238849202 
104 3089 -0.6099656358277628 
104 3205 -0.48969072166925676 
104 3283 -0.3865979382970044 
104 3402 -0.48969072166925587 
104 3586 0.010309278349984852 
104 3606 -0.4690721649910645 
104 3797 -0.5373711340302516 
104 3803 -0.4896907216692563 
104 3816 -0.6408934708161889 
104 3828 0.010309278349985629 
104 3835 0.010309278349985185 
104 3845 -0.48969072166925676 
104 3882 0.010309278349984963 
104 3900 0.010309278349984963 
105 57 -0.5857142857187507 
105 105 0.0 
105 119 -0.714285714287884 
105 153 -0.142857142914667 
105 212 -0.6696428573219246 
105 939 -0.5079365081930654 
105 1078 -0.7781954887301175 
105 1427 -0.6071428571817872 
106 57 -0.46666666667263 
106 106 0.0 
106 604 -0.46666666667226453 
106 1505 -0.6403508771973903 
107 57 -0.46666666667263024 
107 107 0.0 
107 598 -0.5416666666730863 
107 2018 -0.16666666672802855 
108 57 -0.46666666667263046 
108 108 0.0 
108 778 -0.5595238095531829 
108 1833 -7.008615909853688e-12 
109 12 -0.6436170214606594 
109 109 0.0 
109 110 -0.45000000097537973 
109 111 -0.6737288135668371 
109 112 0.24999999997633604 
110 86 -0.5928571430570968 
110 109 -0.45000000097537973 
110 110 0.0 
110 1021 -0.6125000002274441 
110 1279 -0.5529411769610579 
110 2765 0.19999999997925055 
111 28 -0.6852717713680496 
111 109 -0.6737288135668371 
111 111 0.0 
111 257 -0.7226502311430254 
111 290 -0.605932203599516 
111 299 -0.712994350329824 
111 356 -0.799435028257875 
111 392 -0.738983050881304 
111 439 -0.8326271186500225 
111 534 -0.6970338984143691 
111 614 -0.7644067796831278 
111 637 -0.7469733656796871 
111 925 -0.6991525424745866 
111 934 -0.7395480226268052 
111 979 -0.6991525424700842 
111 1002 -0.4406779661136484 
111 1209 -0.742130750681474 
111 1217 -0.5889830508645306 
111 1219 -0.6242937853296713 
111 1449 -0.7152542375406239 
111 1627 -0.682203389952508 
111 1721 -0.4745762712114401 
111 1874 -0.589830508500639 
111 1931 -0.6073446327998191 
111 1957 -0.6892655368125746 
111 1979 -0.8067796610687716 
111 2083 -0.6412429378648616 
111 2110 -0.5288135594072607 
111 2160 -0.6822033899792643 
111 2236 -0.6398305085362577 
111 2375 -0.6898305085640681 
111 2380 -0.7135593220517 
111 2478 -0.7725988700767172 
111 2496 0.016949152541627877 
111 2726 -0.7161016949656909 
111 2760 -0.47457627118982093 
111 2805 -0.6670702179379511 
111 2899 -0.5649717514751602 
111 2915 -0.6389830508834422 
111 3154 -0.6073446328175323 
111 3156 -0.48305084751050753 
111 3325 -0.48305084751050664 
111 3332 -0.699152542400908 
111 3387 0.016949152541627432 
111 3413 -0.7830508474653417 
111 3456 -0.6892655367990908 
111 3470 0.016949152541627988 
111 3482 -0.48305084751050753 
111 3509 0.01694915254162721 
111 3555 0.016949152541627877 
111 3567 -0.5988700565479252 
111 3610 -0.656779661190223 
111 3671 0.016949152541627432 
111 3710 -0.4830508475105071 
111 3711 0.016949152541627543 
111 3712 -0.4491525423846794 
111 3713 0.016949152541627877 
111 3714 -0.3728813559772597 
111 3715 -0.48305084751050753 
111 3716 0.016949152541627877 
112 109 0.24999999997633604 
112 112 0.0 
113 49 -0.5833333333773387 
113 113 0.0 
113 114 -0.5357142860953299 
113 115 -0.4916666680644046 
113 116 -0.6293103449191089 
114 113 -0.5357142860953299 
114 114 0.0 
114 207 -0.6575630253909255 
114 546 -0.7261904772553796 
114 628 -0.6261904766386537 
114 660 -0.4907407408223621 
114 678 -0.5142857143228772 
114 1053 -0.761904762643081 
114 1122 -0.6071428576075417 
114 1148 -0.4148351648751607 
114 1215 -0.3571428571483217 
114 1216 -0.6428571428716745 
114 1217 -0.46428571444690037 
114 1218 -0.785714285715557 
114 1219 -0.45238095241320675 
115 27 -0.7598639455962004 
115 44 -0.6222222222828084 
115 64 -0.5539215686627319 
115 113 -0.4916666680644046 
115 115 0.0 
115 164 -0.40000000012532944 
115 235 -0.6750000000092866 
115 465 -0.6965517255925553 
115 1094 -0.657142857190014 
115 1388 -0.6000000000028574 
115 1445 -0.5166666667977668 
115 1754 -0.1166666670543346 
115 1799 -0.5833333334686603 
115 1800 -0.7571428572386998 
115 1801 -0.6333333334850966 
115 1802 -0.4000000002726636 
116 64 -0.6881338744849193 
116 113 -0.6293103449191089 
116 116 0.0 
116 143 -0.7241379312257292 
116 144 -0.7435344828220112 
116 201 -0.6982758620727854 
116 206 -0.7711598749995443 
116 345 -0.5603448276036365 
116 448 -0.663793103458377 
116 503 0.034482758561398597 
116 704 -0.699233716765727 
116 757 -0.6758620690667656 
116 1022 -0.7711598747244626 
116 1046 -0.6620689658275019 
116 1266 -0.6477832514316395 
116 1495 -0.763793103643797 
116 1540 -0.39655172416444673 
116 1652 -0.7220689658445281 
116 1725 -0.646551724208762 
116 1766 -0.6781609203107914 
116 2305 -0.7164750958527657 
116 2563 0.03448275856139882 
116 2564 -0.4482758620720526 
116 2565 -0.5387931034643985 
116 2566 -0.46551724138424855 
116 2567 -0.6321839080476122 
116 2568 -0.7471264368149941 
116 2569 -0.6120689656303979 
116 2570 -0.5287356322060754 
116 2571 -0.7482758620770531 
117 117 0.0 
117 118 0.07692307691495315 
118 41 -0.5906593414201522 
118 50 -0.527472528221953 
118 117 0.07692307691495315 
118 118 0.0 
118 173 -0.4932126697387913 
118 529 -0.5981161695848147 
118 882 -0.5604395609835571 
118 1679 -0.5817307692788958 
118 1749 -0.8054298642831272 
118 2020 -0.42307692308244427 
118 2326 -0.516483516501673 
118 2360 -0.4326923077775624 
118 2493 -0.5934065934265536 
118 2788 -0.47435897440100483 
119 105 -0.714285714287884 
119 119 0.0 
119 120 -0.6571428577364764 
119 121 -0.7087912093311695 
119 122 -0.5357142857540023 
119 123 -0.7460317460334618 
119 124 -0.5238095238143972 
119 125 -0.6038961040245296 
120 28 -0.5965517242837208 
120 119 -0.6571428577364764 
120 120 0.0 
120 152 -0.3791666668038256 
120 155 -0.6083333339605619 
120 157 -0.3000000001380121 
120 265 -0.6436781621883758 
120 695 -0.6333333335665841 
120 1181 -0.7333333333530931 
120 1182 -0.4000000002143531 
120 1183 -0.4333333333384761 
120 1184 -0.6000000000028574 
120 1185 -0.6833333333354701 
120 1186 -0.7000000000045032 
120 1187 0.06666666666038634 
120 1188 0.06666666666038634 
121 86 -0.598901099303045 
121 119 -0.7087912093311695 
121 121 0.0 
121 376 -0.6730769231463307 
121 395 -0.4230769230824447 
121 511 -0.6179487181986971 
121 521 -0.6376518222990959 
121 668 -0.5927601812377166 
121 872 -0.6703296704401118 
121 1179 -0.6787330320443095 
121 1377 -0.7032967035206825 
121 1465 -0.8461538461578288 
121 1663 -0.6586538467851821 
121 2138 -0.530769230976444 
122 119 -0.5357142857540023 
122 122 0.0 
122 152 -0.37500000002353384 
122 1825 -0.6666666666709695 
122 2019 -0.33333333334233695 
122 3461 -0.3333333333469426 
122 3583 0.16666666664825058 
123 119 -0.7460317460334618 
123 123 0.0 
123 490 -0.6349206349314449 
123 575 -0.8055555555566569 
123 866 -0.7888888888901553 
123 969 -0.5777777778739015 
123 1899 -0.5555555555596876 
123 2015 0.11111111109800786 
123 2517 -0.6888888888913831 
123 3333 0.11111111109800753 
124 119 -0.5238095238143972 
124 124 0.0 
124 1062 -4.557789701209458e-10 
124 2163 -4.557789701209458e-10 
125 12 -0.7040618955935543 
125 119 -0.6038961040245296 
125 125 0.0 
125 179 -0.6270053482972215 
125 240 -0.2727272727370995 
125 257 -0.6818181818392421 
125 660 -0.606060606559522 
125 1396 -0.6227272728002546 
125 1439 -0.27272727273709974 
125 2998 -0.5681818182878775 
125 3015 -0.31818181843198845 
125 3091 -0.39393939398799316 
126 100 -0.6969696970671253 
126 126 0.0 
126 127 -0.5757575757611695 
126 128 -0.6590909090935941 
126 129 -0.47272727294407435 
126 130 -0.48484848486343535 
126 131 -0.4090909090969783 
126 132 -0.6393939404561515 
126 133 -0.6636363636846223 
126 134 -0.5719696975246802 
126 135 -0.5757575757611697 
126 136 -0.5227272727866161 
127 126 -0.5757575757611695 
